Generación 0 - Distancia óptima: 48606.20
Recorrido: [140, 48, 40, 42, 56, 87, 141, 144, 101, 0, 93, 49, 90, 82, 119, 27, 123, 129, 68, 71, 137, 75, 29, 92, 132, 100, 122, 62, 21, 83, 120, 128, 41, 134, 65, 114, 17, 86, 33, 89, 78, 39, 67, 105, 4, 84, 43, 3, 127, 32, 54, 9, 95, 148, 50, 64, 107, 76, 131, 108, 26, 146, 143, 18, 5, 36, 103, 147, 53, 102, 124, 70, 112, 106, 98, 52, 16, 96, 2, 97, 117, 135, 88, 94, 1, 28, 118, 31, 99, 81, 63, 12, 136, 133, 58, 121, 125, 111, 30, 46, 142, 61, 60, 79, 6, 91, 37, 59, 7, 19, 85, 57, 139, 80, 116, 34, 20, 72, 73, 11, 66, 138, 74, 45, 145, 47, 149, 15, 23, 8, 126, 51, 130, 10, 35, 13, 110, 25, 14, 44, 109, 22, 77, 113, 69, 38, 104, 115, 55, 24]

Generación 1000 - Distancia óptima: 18750.50
Recorrido: [14, 58, 20, 3, 2, 61, 148, 21, 112, 92, 120, 51, 34, 96, 6, 99, 4, 81, 83, 87, 70, 118, 149, 44, 103, 105, 116, 10, 59, 139, 16, 65, 100, 37, 31, 66, 82, 69, 54, 17, 141, 142, 94, 95, 33, 125, 32, 55, 145, 123, 74, 84, 28, 5, 136, 131, 1, 80, 19, 57, 140, 109, 45, 110, 22, 115, 60, 91, 133, 24, 113, 27, 35, 147, 129, 26, 122, 73, 30, 144, 146, 13, 76, 53, 52, 68, 42, 108, 130, 104, 25, 106, 62, 7, 88, 86, 9, 29, 102, 0, 47, 93, 124, 75, 72, 97, 78, 15, 79, 121, 137, 89, 23, 126, 38, 39, 138, 134, 107, 101, 98, 8, 18, 36, 85, 64, 49, 46, 117, 119, 41, 50, 11, 143, 40, 56, 132, 77, 43, 114, 127, 67, 12, 111, 90, 135, 48, 128, 63, 71]

Generación 2000 - Distancia óptima: 17326.51
Recorrido: [135, 76, 14, 121, 79, 15, 78, 143, 48, 146, 144, 30, 73, 122, 26, 129, 147, 35, 27, 113, 49, 64, 85, 55, 145, 132, 77, 58, 20, 3, 2, 61, 148, 21, 43, 114, 127, 67, 12, 111, 90, 63, 128, 56, 40, 11, 50, 117, 23, 126, 38, 39, 138, 134, 107, 101, 98, 8, 18, 36, 46, 41, 119, 89, 137, 130, 108, 42, 24, 133, 91, 45, 109, 140, 57, 19, 80, 1, 131, 136, 5, 28, 84, 74, 123, 33, 95, 93, 124, 75, 72, 97, 86, 9, 110, 22, 115, 60, 68, 52, 53, 104, 62, 83, 81, 4, 99, 6, 96, 34, 51, 125, 32, 29, 112, 87, 70, 118, 149, 44, 103, 105, 116, 10, 59, 139, 16, 65, 100, 37, 31, 66, 82, 69, 54, 17, 141, 142, 94, 47, 0, 102, 7, 88, 106, 25, 92, 120, 13, 71]

Generación 3000 - Distancia óptima: 15541.49
Recorrido: [144, 26, 129, 59, 139, 16, 65, 100, 37, 31, 130, 108, 42, 89, 119, 41, 46, 36, 18, 8, 98, 101, 107, 134, 138, 39, 23, 117, 52, 68, 60, 115, 11, 66, 22, 14, 15, 78, 120, 92, 88, 25, 7, 106, 47, 0, 102, 94, 142, 141, 17, 54, 69, 82, 145, 55, 85, 64, 49, 113, 27, 10, 147, 35, 126, 38, 56, 40, 13, 76, 121, 79, 87, 112, 29, 32, 125, 51, 34, 96, 6, 99, 4, 81, 83, 62, 137, 91, 45, 109, 140, 57, 19, 50, 133, 24, 80, 1, 131, 136, 5, 28, 84, 74, 123, 33, 95, 93, 124, 75, 72, 97, 86, 9, 110, 53, 104, 132, 77, 58, 20, 3, 2, 61, 148, 21, 43, 114, 127, 67, 103, 44, 149, 118, 70, 90, 12, 105, 135, 128, 116, 146, 30, 73, 122, 143, 48, 63, 111, 71]

Generación 4000 - Distancia óptima: 14989.70
Recorrido: [63, 111, 73, 122, 26, 129, 59, 139, 16, 65, 100, 37, 31, 130, 108, 42, 89, 119, 41, 46, 36, 18, 8, 98, 101, 107, 134, 138, 39, 23, 117, 52, 68, 60, 115, 11, 66, 22, 14, 15, 78, 120, 92, 88, 25, 7, 106, 47, 0, 102, 94, 142, 141, 17, 55, 145, 82, 69, 1, 80, 24, 133, 50, 19, 57, 140, 109, 45, 91, 137, 62, 83, 81, 4, 99, 6, 96, 34, 51, 125, 32, 29, 112, 87, 79, 76, 121, 13, 40, 56, 38, 126, 35, 147, 10, 27, 113, 49, 64, 85, 54, 131, 136, 5, 28, 84, 74, 123, 33, 95, 93, 124, 75, 72, 97, 86, 9, 110, 53, 104, 132, 77, 58, 20, 3, 148, 61, 2, 21, 43, 114, 127, 67, 103, 44, 149, 118, 70, 90, 12, 105, 135, 144, 30, 128, 116, 48, 146, 143, 71]

Generación 5000 - Distancia óptima: 14574.12
Recorrido: [79, 76, 121, 13, 63, 111, 73, 122, 26, 129, 59, 139, 16, 65, 100, 40, 56, 38, 126, 35, 147, 10, 27, 113, 49, 64, 85, 54, 131, 136, 5, 28, 84, 74, 123, 33, 95, 93, 124, 75, 72, 97, 86, 9, 110, 53, 104, 132, 77, 14, 15, 78, 120, 92, 88, 25, 7, 106, 47, 0, 102, 94, 142, 141, 17, 55, 145, 82, 69, 1, 80, 24, 133, 50, 19, 109, 140, 57, 45, 91, 137, 62, 83, 81, 4, 99, 6, 96, 34, 51, 125, 32, 29, 112, 87, 58, 20, 3, 148, 61, 2, 21, 43, 114, 127, 67, 103, 44, 149, 118, 90, 12, 70, 105, 135, 144, 30, 128, 116, 37, 31, 130, 108, 42, 89, 119, 41, 46, 36, 18, 8, 98, 101, 107, 134, 138, 39, 23, 117, 52, 68, 60, 115, 11, 66, 22, 48, 146, 143, 71]

Generación 6000 - Distancia óptima: 13924.07
Recorrido: [63, 111, 73, 122, 26, 129, 59, 139, 16, 65, 100, 40, 56, 38, 126, 35, 147, 10, 27, 113, 49, 64, 85, 54, 131, 136, 5, 28, 84, 74, 123, 33, 95, 93, 75, 72, 97, 86, 9, 110, 53, 104, 132, 77, 43, 114, 149, 44, 103, 67, 127, 118, 90, 12, 70, 105, 135, 144, 30, 128, 116, 37, 31, 130, 22, 66, 11, 115, 60, 68, 52, 117, 23, 39, 138, 134, 107, 101, 98, 8, 18, 36, 46, 41, 119, 89, 25, 96, 6, 99, 4, 81, 83, 62, 120, 78, 15, 14, 79, 124, 21, 2, 61, 148, 3, 20, 58, 87, 112, 29, 32, 125, 51, 7, 34, 92, 88, 106, 47, 0, 102, 94, 142, 141, 17, 55, 145, 82, 69, 1, 80, 24, 133, 50, 19, 109, 140, 57, 45, 91, 137, 108, 42, 76, 121, 13, 143, 146, 48, 71]

Generación 7000 - Distancia óptima: 13821.92
Recorrido: [63, 111, 73, 122, 26, 129, 59, 139, 16, 65, 100, 40, 56, 38, 126, 35, 147, 10, 27, 113, 49, 64, 85, 54, 131, 136, 5, 28, 84, 74, 123, 33, 95, 93, 75, 72, 97, 86, 9, 110, 53, 104, 132, 77, 43, 114, 149, 44, 103, 67, 127, 118, 90, 12, 70, 105, 135, 144, 30, 128, 116, 37, 31, 130, 22, 66, 11, 115, 60, 68, 52, 117, 23, 39, 138, 134, 107, 101, 98, 8, 18, 36, 46, 41, 119, 89, 25, 96, 6, 99, 4, 81, 83, 62, 120, 78, 15, 14, 79, 124, 21, 2, 61, 148, 3, 20, 58, 87, 112, 29, 32, 125, 51, 7, 34, 92, 88, 106, 47, 0, 102, 94, 142, 141, 17, 55, 145, 82, 140, 109, 19, 50, 133, 24, 80, 1, 69, 57, 45, 91, 137, 108, 42, 76, 121, 13, 143, 146, 48, 71]

Generación 8000 - Distancia óptima: 13796.28
Recorrido: [63, 111, 73, 122, 26, 129, 59, 139, 16, 65, 100, 40, 56, 38, 126, 35, 147, 10, 27, 113, 49, 64, 85, 54, 131, 136, 5, 28, 84, 74, 123, 33, 95, 93, 75, 72, 97, 86, 9, 110, 53, 104, 132, 77, 43, 114, 149, 44, 103, 67, 127, 118, 90, 12, 70, 105, 135, 144, 30, 128, 116, 37, 31, 130, 22, 66, 11, 115, 60, 68, 52, 117, 23, 39, 138, 134, 107, 101, 98, 8, 18, 36, 46, 41, 119, 89, 25, 96, 6, 99, 4, 81, 83, 62, 120, 78, 15, 14, 79, 124, 21, 2, 61, 148, 3, 20, 58, 87, 112, 29, 32, 125, 51, 7, 34, 92, 88, 106, 47, 0, 102, 94, 142, 141, 17, 55, 145, 82, 140, 80, 24, 133, 50, 19, 109, 1, 69, 57, 45, 91, 137, 108, 42, 76, 121, 13, 143, 146, 48, 71]

Generación 9000 - Distancia óptima: 13488.78
Recorrido: [144, 30, 128, 116, 37, 31, 130, 22, 66, 11, 115, 60, 68, 52, 117, 23, 39, 138, 134, 107, 101, 98, 8, 18, 36, 46, 41, 119, 89, 25, 96, 6, 99, 4, 81, 83, 62, 120, 78, 15, 14, 79, 124, 21, 2, 61, 148, 3, 20, 58, 87, 112, 9, 110, 53, 104, 132, 77, 43, 114, 149, 44, 103, 67, 127, 118, 90, 12, 70, 105, 135, 63, 111, 73, 122, 26, 129, 65, 16, 139, 59, 100, 40, 56, 38, 126, 35, 147, 10, 27, 113, 49, 64, 85, 54, 131, 136, 5, 28, 84, 74, 123, 33, 95, 93, 75, 72, 97, 86, 29, 32, 125, 51, 7, 34, 92, 88, 106, 47, 0, 102, 94, 142, 141, 17, 145, 55, 82, 140, 80, 24, 91, 45, 57, 69, 1, 109, 19, 50, 133, 137, 108, 42, 76, 121, 13, 143, 146, 48, 71]

Generación 10000 - Distancia óptima: 13408.83
Recorrido: [144, 30, 128, 116, 37, 31, 130, 22, 66, 11, 115, 60, 68, 52, 117, 23, 39, 138, 134, 107, 101, 98, 8, 18, 36, 46, 41, 119, 89, 25, 96, 6, 99, 4, 81, 94, 102, 0, 47, 106, 88, 92, 34, 7, 51, 125, 32, 29, 86, 97, 72, 75, 93, 95, 33, 123, 74, 84, 28, 5, 136, 131, 54, 85, 64, 49, 113, 27, 10, 147, 35, 126, 38, 56, 40, 100, 59, 139, 16, 65, 129, 26, 122, 73, 111, 63, 135, 105, 70, 12, 90, 118, 127, 67, 103, 44, 149, 114, 43, 77, 132, 104, 53, 110, 9, 112, 87, 58, 20, 3, 148, 61, 2, 21, 124, 79, 14, 15, 78, 120, 62, 83, 142, 141, 17, 145, 55, 82, 140, 80, 24, 91, 45, 57, 69, 1, 109, 19, 50, 133, 137, 108, 42, 76, 121, 13, 143, 146, 48, 71]

Generación 11000 - Distancia óptima: 13309.03
Recorrido: [143, 146, 48, 144, 30, 128, 116, 37, 31, 130, 22, 66, 11, 115, 60, 68, 52, 117, 23, 39, 138, 134, 107, 101, 98, 8, 18, 36, 46, 41, 119, 89, 25, 96, 6, 106, 88, 92, 34, 7, 51, 125, 32, 29, 86, 97, 72, 75, 93, 95, 99, 4, 81, 94, 102, 0, 47, 33, 123, 74, 84, 28, 5, 136, 131, 54, 85, 64, 49, 113, 27, 10, 147, 35, 126, 38, 56, 40, 100, 59, 139, 16, 65, 129, 26, 122, 73, 111, 63, 135, 105, 70, 12, 90, 118, 127, 67, 103, 44, 149, 114, 43, 77, 132, 104, 53, 110, 9, 112, 87, 58, 20, 3, 148, 61, 2, 21, 124, 79, 14, 15, 78, 120, 62, 83, 142, 141, 17, 145, 55, 82, 140, 80, 24, 91, 45, 57, 69, 1, 109, 19, 50, 133, 137, 108, 42, 76, 121, 13, 71]

Generación 12000 - Distancia óptima: 13291.35
Recorrido: [48, 146, 143, 144, 30, 128, 116, 37, 31, 130, 22, 66, 11, 115, 60, 68, 52, 117, 23, 39, 138, 134, 107, 101, 98, 8, 18, 36, 46, 41, 119, 89, 25, 96, 6, 106, 88, 92, 34, 7, 51, 125, 32, 29, 86, 97, 72, 75, 93, 95, 99, 4, 81, 94, 102, 0, 47, 33, 123, 74, 84, 28, 5, 136, 131, 54, 85, 64, 49, 113, 27, 10, 147, 35, 126, 38, 56, 40, 100, 59, 139, 16, 65, 129, 26, 122, 73, 111, 63, 135, 105, 70, 12, 90, 118, 127, 67, 103, 44, 149, 114, 43, 77, 132, 104, 53, 110, 9, 112, 87, 58, 20, 3, 148, 61, 2, 21, 124, 79, 14, 15, 78, 120, 62, 83, 142, 141, 17, 145, 55, 82, 140, 80, 24, 91, 45, 57, 69, 1, 109, 19, 50, 133, 137, 108, 42, 76, 121, 13, 71]

Generación 13000 - Distancia óptima: 13289.83
Recorrido: [48, 146, 143, 144, 30, 128, 116, 37, 31, 130, 22, 66, 11, 115, 60, 68, 52, 117, 23, 39, 138, 134, 107, 101, 98, 8, 18, 36, 46, 41, 119, 89, 25, 96, 6, 106, 88, 92, 34, 7, 51, 125, 32, 29, 86, 97, 72, 75, 93, 95, 99, 4, 81, 94, 102, 0, 47, 33, 123, 74, 84, 28, 5, 136, 131, 54, 85, 64, 49, 113, 27, 10, 147, 35, 126, 38, 56, 40, 100, 59, 139, 16, 65, 129, 26, 122, 73, 111, 63, 135, 105, 70, 12, 90, 118, 127, 67, 103, 44, 149, 114, 43, 77, 132, 104, 53, 110, 9, 112, 87, 15, 14, 79, 124, 21, 2, 61, 148, 3, 20, 58, 78, 120, 62, 83, 142, 141, 17, 145, 55, 82, 140, 80, 24, 91, 45, 57, 69, 1, 109, 19, 50, 133, 137, 108, 42, 76, 121, 13, 71]

Generación 14000 - Distancia óptima: 13289.83
Recorrido: [48, 146, 143, 144, 30, 128, 116, 37, 31, 130, 22, 66, 11, 115, 60, 68, 52, 117, 23, 39, 138, 134, 107, 101, 98, 8, 18, 36, 46, 41, 119, 89, 25, 96, 6, 106, 88, 92, 34, 7, 51, 125, 32, 29, 86, 97, 72, 75, 93, 95, 99, 4, 81, 94, 102, 0, 47, 33, 123, 74, 84, 28, 5, 136, 131, 54, 85, 64, 49, 113, 27, 10, 147, 35, 126, 38, 56, 40, 100, 59, 139, 16, 65, 129, 26, 122, 73, 111, 63, 135, 105, 70, 12, 90, 118, 127, 67, 103, 44, 149, 114, 43, 77, 132, 104, 53, 110, 9, 112, 87, 15, 14, 79, 124, 21, 2, 61, 148, 3, 20, 58, 78, 120, 62, 83, 142, 141, 17, 145, 55, 82, 140, 80, 24, 91, 45, 57, 69, 1, 109, 19, 50, 133, 137, 108, 42, 76, 121, 13, 71]

Generación 15000 - Distancia óptima: 13277.80
Recorrido: [48, 146, 143, 144, 30, 128, 116, 37, 31, 130, 22, 66, 11, 115, 60, 68, 52, 117, 23, 39, 138, 134, 107, 101, 98, 8, 18, 36, 46, 41, 119, 89, 25, 96, 6, 106, 88, 92, 34, 7, 51, 125, 32, 29, 86, 97, 72, 75, 93, 95, 99, 4, 81, 94, 102, 0, 47, 33, 123, 74, 84, 28, 5, 136, 131, 54, 85, 64, 49, 113, 27, 10, 147, 35, 126, 38, 56, 40, 100, 59, 139, 16, 65, 129, 26, 122, 73, 111, 63, 135, 105, 70, 12, 90, 118, 127, 67, 103, 44, 149, 114, 43, 77, 132, 104, 53, 110, 9, 112, 87, 78, 58, 20, 3, 148, 61, 2, 21, 124, 79, 14, 15, 120, 62, 83, 142, 141, 17, 145, 55, 82, 140, 80, 24, 91, 45, 57, 69, 1, 109, 19, 50, 133, 137, 108, 42, 76, 121, 13, 71]

Generación 16000 - Distancia óptima: 13277.80
Recorrido: [48, 146, 143, 144, 30, 128, 116, 37, 31, 130, 22, 66, 11, 115, 60, 68, 52, 117, 23, 39, 138, 134, 107, 101, 98, 8, 18, 36, 46, 41, 119, 89, 25, 96, 6, 106, 88, 92, 34, 7, 51, 125, 32, 29, 86, 97, 72, 75, 93, 95, 99, 4, 81, 94, 102, 0, 47, 33, 123, 74, 84, 28, 5, 136, 131, 54, 85, 64, 49, 113, 27, 10, 147, 35, 126, 38, 56, 40, 100, 59, 139, 16, 65, 129, 26, 122, 73, 111, 63, 135, 105, 70, 12, 90, 118, 127, 67, 103, 44, 149, 114, 43, 77, 132, 104, 53, 110, 9, 112, 87, 78, 58, 20, 3, 148, 61, 2, 21, 124, 79, 14, 15, 120, 62, 83, 142, 141, 17, 145, 55, 82, 140, 80, 24, 91, 45, 57, 69, 1, 109, 19, 50, 133, 137, 108, 42, 76, 121, 13, 71]

Generación 17000 - Distancia óptima: 13101.33
Recorrido: [146, 48, 143, 144, 30, 128, 116, 37, 31, 130, 22, 66, 11, 115, 60, 68, 52, 117, 23, 39, 138, 134, 107, 101, 98, 8, 18, 36, 46, 41, 119, 89, 25, 17, 141, 142, 83, 62, 120, 15, 14, 79, 124, 21, 2, 61, 148, 3, 20, 58, 78, 87, 112, 9, 110, 53, 104, 132, 77, 43, 114, 149, 44, 103, 67, 127, 118, 90, 12, 70, 105, 135, 63, 111, 73, 122, 26, 129, 65, 16, 139, 59, 100, 40, 56, 38, 126, 35, 147, 10, 27, 113, 49, 64, 85, 54, 131, 136, 5, 28, 84, 74, 123, 33, 47, 0, 102, 94, 81, 4, 99, 29, 86, 97, 72, 75, 93, 95, 7, 34, 92, 125, 51, 32, 88, 106, 6, 96, 145, 55, 82, 140, 80, 24, 91, 45, 57, 69, 1, 109, 19, 50, 133, 137, 108, 42, 76, 121, 13, 71]

Generación 18000 - Distancia óptima: 12896.74
Recorrido: [43, 114, 149, 44, 103, 67, 127, 118, 90, 12, 70, 124, 21, 2, 61, 148, 3, 105, 135, 63, 111, 73, 122, 26, 146, 48, 143, 144, 30, 128, 116, 129, 65, 16, 139, 59, 100, 40, 56, 38, 126, 35, 147, 10, 27, 113, 49, 64, 85, 54, 131, 136, 5, 28, 84, 74, 123, 33, 47, 0, 102, 94, 81, 4, 99, 29, 86, 97, 72, 75, 93, 95, 7, 34, 92, 125, 51, 32, 88, 106, 6, 96, 145, 55, 82, 140, 80, 24, 91, 45, 57, 69, 1, 109, 19, 50, 133, 137, 108, 42, 37, 31, 130, 22, 66, 11, 115, 60, 68, 52, 117, 23, 39, 138, 134, 107, 101, 98, 8, 18, 36, 46, 41, 119, 89, 25, 17, 141, 142, 83, 62, 120, 15, 14, 79, 20, 58, 78, 87, 112, 9, 110, 53, 104, 132, 77, 76, 121, 13, 71]

Generación 19000 - Distancia óptima: 12393.91
Recorrido: [12, 135, 63, 111, 70, 90, 118, 127, 67, 103, 44, 149, 114, 43, 20, 124, 21, 2, 61, 148, 3, 105, 73, 122, 26, 146, 48, 143, 144, 30, 128, 116, 129, 65, 16, 139, 59, 100, 40, 56, 38, 126, 35, 147, 10, 27, 113, 49, 64, 85, 54, 131, 136, 5, 28, 84, 74, 123, 33, 47, 0, 102, 88, 75, 72, 97, 86, 29, 99, 4, 81, 94, 106, 6, 96, 145, 55, 82, 140, 80, 24, 91, 45, 57, 69, 1, 109, 19, 50, 133, 137, 108, 42, 37, 31, 130, 22, 66, 11, 115, 60, 68, 52, 117, 23, 39, 138, 119, 41, 46, 36, 18, 8, 98, 101, 107, 134, 89, 25, 17, 141, 142, 83, 62, 120, 15, 14, 58, 78, 87, 112, 9, 110, 53, 93, 95, 7, 34, 92, 125, 51, 32, 104, 132, 76, 121, 13, 77, 79, 71]

Generación 20000 - Distancia óptima: 12225.20
Recorrido: [146, 48, 143, 144, 12, 135, 63, 111, 70, 90, 118, 127, 67, 103, 44, 149, 114, 43, 20, 124, 21, 2, 61, 148, 3, 105, 73, 122, 26, 30, 128, 116, 115, 11, 66, 22, 130, 31, 37, 42, 108, 137, 133, 50, 19, 109, 1, 69, 57, 45, 91, 24, 80, 140, 82, 55, 145, 96, 6, 106, 94, 81, 4, 99, 29, 86, 97, 72, 75, 88, 102, 0, 47, 33, 123, 74, 84, 28, 5, 136, 131, 54, 85, 64, 49, 113, 27, 10, 147, 35, 126, 38, 56, 40, 100, 59, 139, 16, 65, 129, 60, 68, 52, 117, 23, 39, 138, 119, 41, 46, 36, 18, 8, 98, 101, 107, 134, 89, 25, 17, 141, 142, 83, 62, 120, 15, 14, 58, 78, 87, 112, 9, 110, 53, 93, 95, 7, 34, 92, 125, 51, 32, 104, 132, 76, 121, 13, 77, 79, 71]

Generación 21000 - Distancia óptima: 12225.20
Recorrido: [146, 48, 143, 144, 12, 135, 63, 111, 70, 90, 118, 127, 67, 103, 44, 149, 114, 43, 20, 124, 21, 2, 61, 148, 3, 105, 73, 122, 26, 30, 128, 116, 115, 11, 66, 22, 130, 31, 37, 42, 108, 137, 133, 50, 19, 109, 1, 69, 57, 45, 91, 24, 80, 140, 82, 55, 145, 96, 6, 106, 94, 81, 4, 99, 29, 86, 97, 72, 75, 88, 102, 0, 47, 33, 123, 74, 84, 28, 5, 136, 131, 54, 85, 64, 49, 113, 27, 10, 147, 35, 126, 38, 56, 40, 100, 59, 139, 16, 65, 129, 60, 68, 52, 117, 23, 39, 138, 119, 41, 46, 36, 18, 8, 98, 101, 107, 134, 89, 25, 17, 141, 142, 83, 62, 120, 15, 14, 58, 78, 87, 112, 9, 110, 53, 93, 95, 7, 34, 92, 125, 51, 32, 104, 132, 76, 121, 13, 77, 79, 71]

Generación 22000 - Distancia óptima: 12223.82
Recorrido: [48, 146, 143, 144, 12, 135, 63, 111, 70, 90, 118, 127, 67, 103, 44, 149, 114, 43, 20, 124, 21, 2, 61, 148, 3, 105, 73, 122, 26, 30, 128, 116, 115, 11, 66, 22, 130, 31, 37, 42, 108, 137, 133, 50, 19, 109, 1, 69, 57, 45, 91, 24, 80, 140, 82, 55, 145, 96, 6, 106, 94, 81, 4, 99, 29, 86, 97, 72, 75, 88, 102, 0, 47, 33, 123, 74, 84, 28, 5, 136, 131, 54, 85, 64, 49, 113, 27, 10, 147, 35, 126, 38, 56, 40, 100, 59, 139, 16, 65, 129, 60, 68, 52, 117, 23, 39, 138, 119, 41, 46, 36, 18, 8, 98, 101, 107, 134, 89, 25, 17, 141, 142, 83, 62, 120, 15, 14, 58, 78, 87, 112, 9, 110, 53, 93, 95, 7, 34, 92, 125, 51, 32, 104, 132, 76, 121, 13, 77, 79, 71]

Generación 23000 - Distancia óptima: 12025.61
Recorrido: [48, 146, 143, 144, 12, 135, 63, 111, 70, 90, 118, 127, 67, 103, 44, 149, 114, 43, 20, 124, 21, 2, 61, 148, 3, 105, 73, 122, 26, 30, 128, 116, 115, 11, 66, 22, 130, 31, 37, 42, 108, 137, 133, 50, 19, 109, 1, 69, 57, 45, 91, 24, 80, 140, 82, 55, 145, 96, 142, 141, 17, 25, 89, 134, 107, 101, 98, 8, 18, 36, 46, 41, 119, 138, 39, 23, 117, 52, 68, 60, 129, 65, 16, 139, 59, 100, 40, 56, 38, 126, 35, 147, 10, 27, 113, 49, 64, 85, 54, 131, 136, 5, 28, 84, 74, 123, 33, 47, 0, 102, 88, 75, 72, 97, 86, 29, 99, 4, 81, 94, 106, 6, 83, 62, 120, 15, 14, 58, 78, 87, 112, 9, 110, 53, 93, 95, 7, 34, 92, 125, 51, 32, 104, 132, 76, 121, 13, 77, 79, 71]

Generación 24000 - Distancia óptima: 11803.75
Recorrido: [48, 146, 143, 144, 12, 135, 63, 111, 70, 90, 118, 127, 67, 103, 44, 149, 114, 43, 20, 124, 21, 2, 61, 148, 3, 105, 73, 122, 26, 30, 128, 116, 115, 11, 66, 22, 130, 31, 37, 42, 108, 137, 133, 50, 19, 109, 1, 69, 57, 64, 49, 113, 27, 10, 147, 35, 126, 38, 56, 40, 100, 59, 139, 16, 65, 129, 60, 68, 52, 117, 23, 39, 138, 119, 41, 46, 36, 18, 8, 98, 101, 107, 134, 89, 25, 17, 141, 142, 96, 145, 55, 82, 140, 80, 24, 91, 45, 85, 54, 131, 136, 5, 28, 84, 74, 123, 33, 47, 0, 102, 88, 75, 72, 97, 86, 29, 99, 4, 81, 94, 106, 6, 83, 62, 120, 15, 14, 58, 78, 87, 112, 9, 93, 95, 7, 34, 92, 125, 110, 53, 51, 32, 104, 132, 76, 121, 13, 77, 79, 71]

Generación 25000 - Distancia óptima: 11728.09
Recorrido: [48, 143, 146, 144, 12, 135, 63, 111, 70, 90, 118, 127, 67, 103, 44, 149, 114, 43, 20, 124, 21, 2, 61, 148, 3, 105, 73, 122, 26, 30, 128, 116, 115, 11, 66, 22, 130, 31, 37, 42, 108, 137, 133, 50, 19, 109, 1, 69, 57, 64, 49, 113, 27, 10, 147, 35, 126, 38, 56, 40, 100, 59, 139, 16, 65, 129, 60, 68, 52, 117, 23, 39, 138, 119, 41, 46, 36, 18, 8, 98, 101, 107, 134, 89, 25, 17, 141, 142, 96, 145, 55, 82, 140, 80, 24, 91, 45, 85, 54, 131, 136, 5, 28, 84, 74, 123, 33, 47, 0, 102, 88, 75, 72, 97, 86, 29, 99, 4, 81, 94, 106, 6, 83, 62, 120, 15, 14, 58, 78, 87, 112, 9, 93, 95, 7, 34, 92, 125, 51, 110, 53, 32, 104, 132, 76, 121, 77, 79, 13, 71]

Generación 26000 - Distancia óptima: 11634.92
Recorrido: [48, 146, 143, 144, 12, 135, 63, 111, 70, 90, 118, 127, 67, 103, 44, 149, 114, 43, 20, 124, 21, 2, 61, 148, 3, 105, 73, 122, 26, 30, 128, 116, 115, 11, 66, 22, 130, 31, 37, 42, 108, 137, 133, 50, 19, 109, 1, 69, 57, 64, 49, 113, 27, 10, 147, 35, 126, 38, 56, 40, 100, 59, 139, 16, 65, 129, 60, 68, 52, 117, 23, 39, 138, 119, 41, 46, 36, 18, 8, 98, 101, 107, 134, 89, 25, 17, 141, 142, 96, 145, 55, 82, 140, 80, 24, 91, 45, 85, 54, 131, 136, 5, 28, 84, 74, 123, 33, 47, 88, 102, 0, 75, 72, 97, 86, 29, 99, 4, 81, 94, 106, 6, 83, 62, 120, 15, 14, 58, 78, 87, 112, 9, 93, 95, 7, 34, 92, 125, 51, 110, 53, 32, 104, 132, 76, 121, 77, 79, 13, 71]

Generación 27000 - Distancia óptima: 11573.64
Recorrido: [48, 146, 143, 144, 12, 135, 63, 111, 70, 90, 118, 127, 67, 103, 44, 149, 114, 43, 20, 124, 21, 2, 61, 148, 3, 105, 73, 122, 26, 30, 128, 116, 115, 11, 66, 22, 130, 31, 37, 42, 108, 137, 133, 50, 19, 109, 1, 69, 57, 64, 49, 113, 27, 10, 147, 35, 126, 38, 56, 40, 100, 59, 139, 16, 65, 129, 60, 68, 52, 117, 23, 39, 138, 119, 41, 46, 36, 18, 8, 98, 101, 107, 134, 89, 25, 17, 141, 142, 96, 145, 55, 82, 140, 80, 24, 91, 45, 85, 54, 131, 136, 5, 28, 84, 74, 123, 33, 47, 86, 97, 72, 75, 0, 102, 88, 29, 99, 4, 81, 94, 106, 6, 83, 62, 120, 15, 14, 58, 78, 87, 112, 9, 93, 95, 7, 34, 92, 125, 51, 110, 53, 32, 104, 132, 76, 121, 77, 79, 13, 71]

Generación 28000 - Distancia óptima: 11573.64
Recorrido: [48, 146, 143, 144, 12, 135, 63, 111, 70, 90, 118, 127, 67, 103, 44, 149, 114, 43, 20, 124, 21, 2, 61, 148, 3, 105, 73, 122, 26, 30, 128, 116, 115, 11, 66, 22, 130, 31, 37, 42, 108, 137, 133, 50, 19, 109, 1, 69, 57, 64, 49, 113, 27, 10, 147, 35, 126, 38, 56, 40, 100, 59, 139, 16, 65, 129, 60, 68, 52, 117, 23, 39, 138, 119, 41, 46, 36, 18, 8, 98, 101, 107, 134, 89, 25, 17, 141, 142, 96, 145, 55, 82, 140, 80, 24, 91, 45, 85, 54, 131, 136, 5, 28, 84, 74, 123, 33, 47, 86, 97, 72, 75, 0, 102, 88, 29, 99, 4, 81, 94, 106, 6, 83, 62, 120, 15, 14, 58, 78, 87, 112, 9, 93, 95, 7, 34, 92, 125, 51, 110, 53, 32, 104, 132, 76, 121, 77, 79, 13, 71]

Generación 29000 - Distancia óptima: 11573.64
Recorrido: [48, 146, 143, 144, 12, 135, 63, 111, 70, 90, 118, 127, 67, 103, 44, 149, 114, 43, 20, 124, 21, 2, 61, 148, 3, 105, 73, 122, 26, 30, 128, 116, 115, 11, 66, 22, 130, 31, 37, 42, 108, 137, 133, 50, 19, 109, 1, 69, 57, 64, 49, 113, 27, 10, 147, 35, 126, 38, 56, 40, 100, 59, 139, 16, 65, 129, 60, 68, 52, 117, 23, 39, 138, 119, 41, 46, 36, 18, 8, 98, 101, 107, 134, 89, 25, 17, 141, 142, 96, 145, 55, 82, 140, 80, 24, 91, 45, 85, 54, 131, 136, 5, 28, 84, 74, 123, 33, 47, 86, 97, 72, 75, 0, 102, 88, 29, 99, 4, 81, 94, 106, 6, 83, 62, 120, 15, 14, 58, 78, 87, 112, 9, 93, 95, 7, 34, 92, 125, 51, 110, 53, 32, 104, 132, 76, 121, 77, 79, 13, 71]

Generación 30000 - Distancia óptima: 11558.84
Recorrido: [48, 146, 143, 144, 12, 135, 63, 111, 70, 90, 118, 127, 67, 103, 44, 149, 114, 43, 20, 124, 21, 2, 61, 148, 3, 105, 73, 122, 26, 30, 128, 116, 115, 11, 66, 22, 130, 31, 37, 42, 108, 137, 133, 50, 19, 109, 1, 69, 57, 64, 49, 113, 27, 10, 147, 35, 126, 38, 56, 40, 100, 59, 139, 16, 65, 129, 60, 68, 52, 117, 23, 39, 138, 119, 41, 36, 18, 8, 98, 101, 107, 134, 89, 25, 17, 141, 142, 96, 145, 55, 82, 140, 80, 24, 91, 45, 85, 54, 131, 136, 5, 46, 28, 84, 74, 123, 33, 47, 86, 97, 72, 75, 0, 102, 88, 29, 99, 4, 81, 94, 106, 6, 83, 62, 120, 15, 14, 58, 78, 87, 112, 9, 93, 95, 7, 34, 92, 125, 51, 110, 53, 32, 104, 132, 76, 121, 77, 79, 13, 71]

Generación 31000 - Distancia óptima: 11521.62
Recorrido: [48, 146, 143, 144, 12, 135, 63, 111, 70, 90, 118, 127, 67, 103, 44, 149, 114, 43, 20, 124, 21, 2, 61, 148, 3, 105, 73, 122, 26, 30, 128, 116, 115, 11, 66, 22, 130, 31, 37, 42, 108, 137, 133, 50, 19, 109, 1, 69, 57, 64, 49, 113, 27, 10, 147, 35, 126, 38, 56, 40, 100, 59, 139, 16, 65, 129, 60, 68, 52, 117, 23, 39, 138, 119, 41, 36, 18, 8, 98, 101, 107, 134, 89, 25, 17, 141, 142, 96, 145, 55, 82, 140, 80, 24, 91, 45, 85, 54, 131, 136, 5, 46, 28, 84, 74, 123, 33, 47, 86, 97, 72, 75, 0, 102, 88, 29, 99, 4, 81, 94, 106, 6, 83, 62, 120, 15, 14, 58, 78, 87, 112, 9, 93, 95, 7, 34, 92, 125, 51, 32, 53, 110, 104, 132, 76, 121, 77, 79, 13, 71]

Generación 32000 - Distancia óptima: 11457.54
Recorrido: [48, 146, 143, 144, 12, 135, 63, 111, 70, 90, 118, 127, 67, 103, 44, 149, 114, 43, 20, 124, 21, 2, 61, 148, 3, 105, 73, 122, 26, 30, 128, 116, 115, 11, 66, 22, 130, 31, 37, 42, 108, 137, 133, 50, 19, 109, 1, 69, 57, 64, 49, 113, 27, 10, 147, 35, 126, 38, 56, 40, 100, 59, 139, 16, 65, 129, 60, 68, 52, 117, 23, 39, 138, 119, 41, 36, 18, 8, 98, 101, 107, 134, 89, 25, 17, 141, 142, 96, 145, 55, 82, 140, 80, 24, 91, 45, 85, 54, 131, 136, 5, 46, 28, 84, 74, 123, 33, 47, 75, 72, 97, 86, 0, 102, 88, 29, 99, 4, 81, 94, 106, 6, 83, 62, 120, 15, 14, 58, 78, 87, 112, 9, 93, 95, 7, 34, 92, 125, 51, 32, 53, 110, 104, 132, 76, 121, 77, 79, 13, 71]

Generación 33000 - Distancia óptima: 11457.54
Recorrido: [48, 146, 143, 144, 12, 135, 63, 111, 70, 90, 118, 127, 67, 103, 44, 149, 114, 43, 20, 124, 21, 2, 61, 148, 3, 105, 73, 122, 26, 30, 128, 116, 115, 11, 66, 22, 130, 31, 37, 42, 108, 137, 133, 50, 19, 109, 1, 69, 57, 64, 49, 113, 27, 10, 147, 35, 126, 38, 56, 40, 100, 59, 139, 16, 65, 129, 60, 68, 52, 117, 23, 39, 138, 119, 41, 36, 18, 8, 98, 101, 107, 134, 89, 25, 17, 141, 142, 96, 145, 55, 82, 140, 80, 24, 91, 45, 85, 54, 131, 136, 5, 46, 28, 84, 74, 123, 33, 47, 75, 72, 97, 86, 0, 102, 88, 29, 99, 4, 81, 94, 106, 6, 83, 62, 120, 15, 14, 58, 78, 87, 112, 9, 93, 95, 7, 34, 92, 125, 51, 32, 53, 110, 104, 132, 76, 121, 77, 79, 13, 71]

Generación 34000 - Distancia óptima: 11457.54
Recorrido: [48, 146, 143, 144, 12, 135, 63, 111, 70, 90, 118, 127, 67, 103, 44, 149, 114, 43, 20, 124, 21, 2, 61, 148, 3, 105, 73, 122, 26, 30, 128, 116, 115, 11, 66, 22, 130, 31, 37, 42, 108, 137, 133, 50, 19, 109, 1, 69, 57, 64, 49, 113, 27, 10, 147, 35, 126, 38, 56, 40, 100, 59, 139, 16, 65, 129, 60, 68, 52, 117, 23, 39, 138, 119, 41, 36, 18, 8, 98, 101, 107, 134, 89, 25, 17, 141, 142, 96, 145, 55, 82, 140, 80, 24, 91, 45, 85, 54, 131, 136, 5, 46, 28, 84, 74, 123, 33, 47, 75, 72, 97, 86, 0, 102, 88, 29, 99, 4, 81, 94, 106, 6, 83, 62, 120, 15, 14, 58, 78, 87, 112, 9, 93, 95, 7, 34, 92, 125, 51, 32, 53, 110, 104, 132, 76, 121, 77, 79, 13, 71]

Generación 35000 - Distancia óptima: 11390.09
Recorrido: [48, 146, 143, 144, 12, 135, 63, 111, 70, 90, 118, 127, 67, 103, 44, 149, 114, 43, 20, 124, 21, 2, 61, 148, 3, 105, 73, 122, 26, 30, 128, 116, 115, 11, 66, 22, 130, 31, 37, 42, 108, 137, 133, 50, 19, 109, 1, 69, 57, 64, 49, 113, 27, 10, 147, 35, 126, 38, 56, 40, 100, 59, 139, 16, 65, 129, 60, 68, 52, 117, 23, 39, 138, 119, 41, 36, 18, 8, 98, 101, 107, 134, 89, 25, 17, 141, 84, 28, 46, 5, 136, 131, 54, 85, 45, 91, 24, 80, 140, 82, 55, 145, 96, 142, 74, 123, 33, 47, 75, 72, 97, 86, 0, 102, 88, 29, 99, 4, 81, 94, 106, 6, 83, 62, 120, 15, 14, 58, 78, 87, 112, 9, 93, 95, 7, 34, 92, 125, 51, 32, 53, 110, 104, 132, 76, 121, 77, 79, 13, 71]

Generación 36000 - Distancia óptima: 11334.02
Recorrido: [48, 146, 143, 144, 12, 135, 63, 111, 70, 90, 118, 127, 67, 103, 44, 149, 114, 43, 20, 124, 21, 2, 61, 148, 3, 105, 73, 122, 26, 30, 128, 116, 115, 11, 66, 22, 130, 31, 37, 42, 108, 137, 133, 50, 19, 109, 1, 36, 41, 119, 138, 39, 23, 117, 52, 68, 60, 129, 65, 16, 139, 59, 100, 40, 56, 38, 126, 35, 147, 10, 27, 113, 49, 64, 57, 69, 18, 8, 98, 101, 107, 134, 89, 25, 17, 141, 84, 28, 46, 5, 136, 131, 54, 85, 45, 91, 24, 80, 140, 82, 55, 145, 96, 142, 74, 123, 33, 47, 75, 72, 97, 86, 0, 102, 88, 29, 99, 4, 81, 94, 106, 6, 83, 62, 120, 15, 14, 58, 78, 87, 112, 9, 93, 95, 7, 34, 92, 125, 51, 32, 53, 110, 104, 132, 76, 121, 77, 79, 13, 71]

Generación 37000 - Distancia óptima: 11334.02
Recorrido: [48, 146, 143, 144, 12, 135, 63, 111, 70, 90, 118, 127, 67, 103, 44, 149, 114, 43, 20, 124, 21, 2, 61, 148, 3, 105, 73, 122, 26, 30, 128, 116, 115, 11, 66, 22, 130, 31, 37, 42, 108, 137, 133, 50, 19, 109, 1, 36, 41, 119, 138, 39, 23, 117, 52, 68, 60, 129, 65, 16, 139, 59, 100, 40, 56, 38, 126, 35, 147, 10, 27, 113, 49, 64, 57, 69, 18, 8, 98, 101, 107, 134, 89, 25, 17, 141, 84, 28, 46, 5, 136, 131, 54, 85, 45, 91, 24, 80, 140, 82, 55, 145, 96, 142, 74, 123, 33, 47, 75, 72, 97, 86, 0, 102, 88, 29, 99, 4, 81, 94, 106, 6, 83, 62, 120, 15, 14, 58, 78, 87, 112, 9, 93, 95, 7, 34, 92, 125, 51, 32, 53, 110, 104, 132, 76, 121, 77, 79, 13, 71]

Generación 38000 - Distancia óptima: 11327.41
Recorrido: [48, 146, 143, 144, 12, 135, 63, 111, 70, 90, 118, 127, 67, 103, 44, 149, 114, 43, 20, 124, 21, 2, 61, 148, 3, 105, 73, 122, 26, 30, 128, 116, 115, 11, 66, 22, 130, 31, 37, 42, 108, 137, 133, 50, 19, 109, 1, 36, 41, 119, 138, 39, 23, 117, 52, 68, 60, 129, 65, 16, 139, 59, 100, 40, 56, 38, 126, 35, 147, 10, 27, 113, 49, 64, 57, 69, 18, 8, 98, 101, 107, 134, 89, 25, 17, 141, 84, 28, 46, 5, 136, 131, 54, 85, 45, 91, 24, 80, 140, 82, 55, 145, 96, 142, 74, 123, 33, 47, 75, 72, 97, 86, 0, 102, 88, 29, 99, 4, 81, 94, 106, 6, 83, 62, 120, 15, 14, 58, 78, 87, 112, 9, 93, 95, 7, 34, 92, 51, 125, 32, 53, 110, 104, 132, 76, 121, 77, 79, 13, 71]

Generación 39000 - Distancia óptima: 11327.41
Recorrido: [48, 146, 143, 144, 12, 135, 63, 111, 70, 90, 118, 127, 67, 103, 44, 149, 114, 43, 20, 124, 21, 2, 61, 148, 3, 105, 73, 122, 26, 30, 128, 116, 115, 11, 66, 22, 130, 31, 37, 42, 108, 137, 133, 50, 19, 109, 1, 36, 41, 119, 138, 39, 23, 117, 52, 68, 60, 129, 65, 16, 139, 59, 100, 40, 56, 38, 126, 35, 147, 10, 27, 113, 49, 64, 57, 69, 18, 8, 98, 101, 107, 134, 89, 25, 17, 141, 84, 28, 46, 5, 136, 131, 54, 85, 45, 91, 24, 80, 140, 82, 55, 145, 96, 142, 74, 123, 33, 47, 75, 72, 97, 86, 0, 102, 88, 29, 99, 4, 81, 94, 106, 6, 83, 62, 120, 15, 14, 58, 78, 87, 112, 9, 93, 95, 7, 34, 92, 51, 125, 32, 53, 110, 104, 132, 76, 121, 77, 79, 13, 71]

Generación 40000 - Distancia óptima: 11318.20
Recorrido: [144, 12, 105, 3, 148, 61, 2, 21, 124, 20, 43, 114, 149, 44, 103, 67, 127, 118, 90, 70, 111, 63, 135, 73, 122, 48, 146, 143, 26, 30, 128, 116, 115, 11, 66, 22, 130, 31, 37, 42, 108, 137, 133, 50, 19, 109, 1, 36, 41, 119, 138, 39, 23, 117, 52, 68, 60, 129, 65, 16, 139, 59, 100, 40, 56, 38, 126, 35, 147, 10, 27, 113, 49, 64, 57, 69, 18, 8, 98, 101, 107, 134, 89, 25, 17, 141, 84, 28, 46, 5, 136, 131, 54, 85, 45, 91, 24, 80, 140, 82, 55, 145, 96, 142, 74, 123, 33, 47, 75, 72, 97, 86, 0, 102, 88, 29, 99, 4, 81, 94, 106, 6, 83, 62, 120, 15, 14, 58, 78, 87, 112, 9, 93, 95, 7, 34, 92, 51, 125, 32, 53, 110, 104, 132, 76, 121, 77, 79, 13, 71]

Generación 41000 - Distancia óptima: 11184.40
Recorrido: [48, 146, 143, 144, 12, 105, 3, 148, 61, 2, 21, 124, 20, 43, 114, 149, 44, 103, 67, 127, 118, 90, 70, 111, 63, 135, 73, 122, 26, 30, 128, 116, 115, 11, 66, 22, 130, 31, 37, 42, 108, 137, 133, 50, 19, 109, 1, 36, 41, 119, 138, 39, 23, 117, 52, 68, 60, 129, 65, 16, 139, 59, 100, 40, 56, 38, 126, 35, 147, 10, 27, 113, 49, 64, 57, 69, 18, 8, 98, 101, 107, 134, 89, 25, 17, 141, 84, 28, 46, 5, 136, 131, 54, 85, 45, 91, 24, 80, 140, 82, 55, 145, 96, 142, 74, 123, 33, 47, 75, 72, 97, 86, 0, 102, 88, 29, 99, 4, 81, 94, 106, 6, 83, 62, 120, 15, 14, 58, 78, 87, 93, 112, 9, 95, 7, 34, 92, 51, 125, 32, 53, 110, 104, 132, 76, 121, 77, 79, 13, 71]

Generación 42000 - Distancia óptima: 11056.72
Recorrido: [146, 143, 48, 144, 12, 105, 3, 148, 61, 2, 21, 124, 20, 43, 114, 149, 44, 103, 67, 127, 118, 90, 70, 63, 111, 135, 73, 122, 26, 30, 128, 116, 115, 11, 66, 22, 130, 31, 37, 42, 108, 137, 133, 50, 19, 109, 1, 36, 41, 119, 138, 39, 23, 117, 52, 68, 60, 129, 65, 16, 139, 59, 100, 40, 56, 38, 126, 35, 147, 10, 27, 113, 49, 64, 57, 69, 18, 8, 98, 101, 107, 134, 89, 25, 17, 141, 84, 28, 46, 5, 136, 131, 54, 85, 45, 91, 24, 80, 140, 82, 55, 145, 96, 29, 88, 102, 0, 86, 97, 72, 75, 47, 33, 123, 74, 142, 99, 4, 81, 94, 106, 6, 83, 62, 120, 15, 14, 77, 132, 104, 110, 53, 32, 125, 51, 92, 34, 7, 95, 9, 112, 93, 87, 78, 58, 76, 121, 79, 13, 71]

Generación 43000 - Distancia óptima: 11051.51
Recorrido: [146, 143, 48, 144, 12, 105, 149, 114, 43, 20, 124, 21, 2, 61, 148, 3, 44, 103, 67, 127, 118, 90, 70, 63, 111, 135, 73, 122, 26, 30, 128, 116, 115, 11, 66, 22, 130, 31, 37, 42, 108, 137, 133, 50, 19, 109, 1, 36, 41, 119, 138, 39, 23, 117, 52, 68, 60, 129, 65, 16, 139, 59, 100, 40, 56, 38, 126, 35, 147, 10, 27, 113, 49, 64, 57, 69, 18, 8, 98, 101, 107, 134, 89, 25, 17, 141, 84, 28, 46, 5, 136, 131, 54, 85, 45, 91, 24, 80, 140, 82, 55, 145, 96, 29, 88, 102, 0, 86, 97, 72, 75, 47, 33, 123, 74, 142, 99, 4, 81, 94, 106, 6, 83, 62, 120, 15, 14, 77, 132, 104, 110, 53, 32, 125, 51, 92, 34, 7, 95, 9, 112, 93, 87, 78, 58, 76, 121, 79, 13, 71]

Generación 44000 - Distancia óptima: 10997.14
Recorrido: [48, 146, 143, 144, 12, 105, 149, 114, 43, 20, 124, 21, 2, 61, 148, 3, 44, 103, 67, 127, 118, 90, 70, 63, 111, 135, 73, 122, 26, 30, 128, 116, 115, 11, 66, 22, 130, 31, 37, 42, 108, 137, 133, 50, 19, 109, 1, 36, 41, 119, 138, 39, 23, 117, 52, 68, 60, 129, 65, 16, 139, 59, 100, 40, 56, 38, 126, 35, 147, 10, 27, 113, 49, 64, 54, 131, 136, 5, 46, 28, 84, 141, 17, 25, 89, 134, 107, 101, 98, 8, 18, 69, 57, 85, 45, 91, 24, 80, 140, 82, 55, 145, 96, 29, 88, 102, 0, 86, 97, 72, 75, 47, 33, 123, 74, 142, 99, 4, 81, 94, 106, 6, 83, 62, 120, 15, 14, 77, 132, 104, 110, 53, 32, 125, 51, 92, 34, 7, 95, 9, 112, 93, 87, 78, 58, 76, 121, 79, 13, 71]

Generación 45000 - Distancia óptima: 10997.14
Recorrido: [48, 146, 143, 144, 12, 105, 149, 114, 43, 20, 124, 21, 2, 61, 148, 3, 44, 103, 67, 127, 118, 90, 70, 63, 111, 135, 73, 122, 26, 30, 128, 116, 115, 11, 66, 22, 130, 31, 37, 42, 108, 137, 133, 50, 19, 109, 1, 36, 41, 119, 138, 39, 23, 117, 52, 68, 60, 129, 65, 16, 139, 59, 100, 40, 56, 38, 126, 35, 147, 10, 27, 113, 49, 64, 54, 131, 136, 5, 46, 28, 84, 141, 17, 25, 89, 134, 107, 101, 98, 8, 18, 69, 57, 85, 45, 91, 24, 80, 140, 82, 55, 145, 96, 29, 88, 102, 0, 86, 97, 72, 75, 47, 33, 123, 74, 142, 99, 4, 81, 94, 106, 6, 83, 62, 120, 15, 14, 77, 132, 104, 110, 53, 32, 125, 51, 92, 34, 7, 95, 9, 112, 93, 87, 78, 58, 76, 121, 79, 13, 71]

Generación 46000 - Distancia óptima: 10997.14
Recorrido: [48, 146, 143, 144, 12, 105, 149, 114, 43, 20, 124, 21, 2, 61, 148, 3, 44, 103, 67, 127, 118, 90, 70, 63, 111, 135, 73, 122, 26, 30, 128, 116, 115, 11, 66, 22, 130, 31, 37, 42, 108, 137, 133, 50, 19, 109, 1, 36, 41, 119, 138, 39, 23, 117, 52, 68, 60, 129, 65, 16, 139, 59, 100, 40, 56, 38, 126, 35, 147, 10, 27, 113, 49, 64, 54, 131, 136, 5, 46, 28, 84, 141, 17, 25, 89, 134, 107, 101, 98, 8, 18, 69, 57, 85, 45, 91, 24, 80, 140, 82, 55, 145, 96, 29, 88, 102, 0, 86, 97, 72, 75, 47, 33, 123, 74, 142, 99, 4, 81, 94, 106, 6, 83, 62, 120, 15, 14, 77, 132, 104, 110, 53, 32, 125, 51, 92, 34, 7, 95, 9, 112, 93, 87, 78, 58, 76, 121, 79, 13, 71]

Generación 47000 - Distancia óptima: 10985.55
Recorrido: [48, 146, 143, 144, 12, 105, 149, 114, 43, 20, 124, 21, 2, 61, 148, 3, 44, 103, 67, 127, 118, 90, 70, 63, 111, 135, 73, 122, 26, 30, 128, 116, 115, 11, 66, 22, 130, 31, 37, 42, 108, 137, 133, 50, 19, 109, 1, 36, 41, 119, 138, 39, 23, 117, 52, 68, 60, 129, 65, 16, 139, 59, 100, 40, 56, 38, 126, 35, 147, 10, 27, 113, 49, 64, 54, 131, 136, 5, 46, 28, 84, 141, 17, 25, 89, 134, 107, 101, 98, 8, 18, 69, 57, 85, 45, 91, 24, 80, 140, 82, 55, 145, 96, 29, 88, 102, 0, 86, 97, 72, 75, 47, 33, 123, 74, 142, 99, 4, 81, 94, 106, 6, 83, 62, 120, 15, 14, 77, 132, 104, 110, 53, 32, 125, 51, 92, 34, 7, 95, 9, 112, 93, 87, 78, 58, 76, 121, 13, 79, 71]

Generación 48000 - Distancia óptima: 10953.36
Recorrido: [48, 146, 143, 144, 12, 105, 149, 114, 43, 20, 124, 21, 2, 61, 148, 3, 44, 103, 67, 127, 118, 90, 70, 63, 111, 135, 73, 122, 26, 30, 128, 116, 115, 11, 66, 22, 130, 31, 37, 42, 108, 137, 133, 50, 19, 109, 1, 36, 41, 119, 138, 39, 23, 117, 52, 68, 60, 129, 65, 16, 139, 59, 100, 40, 56, 38, 126, 35, 147, 10, 27, 113, 49, 64, 54, 131, 136, 5, 46, 28, 84, 141, 17, 25, 89, 134, 107, 101, 98, 8, 18, 69, 57, 85, 45, 91, 24, 80, 140, 82, 55, 145, 96, 29, 88, 102, 0, 86, 97, 72, 75, 47, 33, 123, 74, 142, 99, 4, 81, 94, 106, 6, 83, 7, 34, 92, 51, 125, 32, 53, 110, 104, 132, 77, 14, 15, 120, 62, 95, 9, 112, 93, 87, 78, 58, 76, 121, 13, 79, 71]

Generación 49000 - Distancia óptima: 10948.61
Recorrido: [48, 146, 143, 144, 12, 105, 149, 114, 43, 20, 124, 21, 2, 61, 148, 3, 44, 103, 67, 127, 118, 90, 70, 63, 111, 135, 73, 122, 26, 30, 128, 116, 115, 11, 66, 22, 130, 31, 37, 42, 108, 137, 133, 50, 19, 109, 1, 36, 41, 119, 138, 39, 23, 117, 52, 68, 60, 129, 65, 16, 139, 59, 100, 40, 56, 38, 126, 35, 147, 10, 27, 113, 49, 64, 54, 131, 136, 5, 46, 28, 84, 141, 17, 25, 89, 134, 107, 101, 98, 8, 18, 69, 57, 85, 45, 91, 24, 80, 140, 82, 55, 145, 96, 29, 88, 102, 0, 86, 97, 72, 75, 47, 33, 123, 74, 142, 99, 4, 81, 94, 106, 6, 83, 7, 34, 92, 51, 125, 32, 53, 110, 104, 132, 77, 58, 78, 87, 93, 112, 9, 95, 62, 120, 15, 14, 76, 121, 13, 79, 71]

Generación 49999 - Distancia óptima: 10947.02
Recorrido: [48, 146, 143, 144, 12, 105, 149, 114, 43, 20, 124, 21, 2, 61, 148, 3, 44, 103, 67, 127, 118, 90, 70, 63, 111, 135, 73, 122, 26, 30, 128, 116, 115, 11, 66, 22, 130, 31, 37, 42, 108, 137, 133, 50, 19, 109, 1, 36, 41, 119, 138, 39, 23, 117, 52, 68, 60, 129, 65, 16, 139, 59, 100, 40, 56, 38, 126, 35, 147, 10, 27, 113, 49, 64, 54, 131, 136, 5, 46, 28, 84, 141, 17, 25, 89, 134, 107, 101, 98, 8, 18, 69, 57, 85, 45, 91, 24, 80, 140, 82, 55, 145, 96, 29, 88, 102, 0, 86, 97, 72, 75, 47, 33, 123, 74, 142, 99, 4, 81, 94, 106, 6, 83, 7, 34, 92, 51, 125, 32, 53, 110, 104, 132, 77, 58, 78, 87, 93, 112, 62, 95, 9, 120, 15, 14, 76, 121, 13, 79, 71]

