Generación 0 - Distancia óptima: 8191.57
Recorrido: [43, 70, 44, 127, 67, 118, 90, 105, 12, 73, 122, 30, 26, 128, 143, 146, 48, 40, 100, 115, 56, 116, 38, 139, 16, 65, 59, 129, 147, 10, 126, 68, 60, 35, 117, 52, 46, 19, 138, 119, 36, 5, 8, 27, 41, 39, 23, 11, 42, 108, 50, 137, 53, 91, 45, 89, 82, 55, 25, 145, 96, 123, 7, 88, 83, 6, 29, 33, 47, 62, 112, 9, 95, 34, 92, 125, 32, 110, 104, 51, 132, 14, 77, 78, 58, 15, 120, 93, 87, 20, 149, 114, 3, 103, 21, 124, 148, 61, 2, 72, 75, 86, 0, 97, 102, 94, 81, 106, 4, 99, 142, 141, 17, 74, 64, 84, 131, 54, 57, 49, 134, 136, 101, 98, 113, 18, 1, 107, 28, 69, 85, 80, 109, 140, 24, 133, 130, 31, 66, 37, 22, 76, 121, 13, 79, 71, 144, 135, 111, 63]

Generación 1000 - Distancia óptima: 8191.57
Recorrido: [43, 70, 44, 127, 67, 118, 90, 105, 12, 73, 122, 30, 26, 128, 143, 146, 48, 40, 100, 115, 56, 116, 38, 139, 16, 65, 59, 129, 147, 10, 126, 68, 60, 35, 117, 52, 46, 19, 138, 119, 36, 5, 8, 27, 41, 39, 23, 11, 42, 108, 50, 137, 53, 91, 45, 89, 82, 55, 25, 145, 96, 123, 7, 88, 83, 6, 29, 33, 47, 62, 112, 9, 95, 34, 92, 125, 32, 110, 104, 51, 132, 14, 77, 78, 58, 15, 120, 93, 87, 20, 149, 114, 3, 103, 21, 124, 148, 61, 2, 72, 75, 86, 0, 97, 102, 94, 81, 106, 4, 99, 142, 141, 17, 74, 64, 84, 131, 54, 57, 49, 134, 136, 101, 98, 113, 18, 1, 107, 28, 69, 85, 80, 109, 140, 24, 133, 130, 31, 66, 37, 22, 76, 121, 13, 79, 71, 144, 135, 111, 63]

Generación 2000 - Distancia óptima: 8167.01
Recorrido: [43, 70, 44, 127, 67, 118, 90, 105, 12, 73, 122, 30, 26, 128, 143, 146, 48, 40, 100, 115, 56, 116, 38, 139, 16, 65, 59, 129, 147, 10, 126, 68, 60, 35, 117, 52, 46, 109, 80, 85, 69, 28, 107, 1, 18, 113, 98, 101, 136, 134, 49, 57, 54, 131, 84, 64, 74, 17, 141, 142, 99, 4, 106, 81, 94, 102, 97, 0, 86, 75, 72, 2, 61, 148, 124, 21, 103, 3, 114, 149, 20, 87, 93, 120, 15, 58, 78, 77, 14, 132, 51, 104, 110, 32, 125, 92, 34, 95, 9, 112, 62, 47, 33, 29, 6, 83, 88, 7, 123, 96, 145, 25, 55, 82, 89, 45, 91, 53, 137, 50, 108, 42, 11, 23, 39, 41, 27, 8, 5, 36, 119, 138, 19, 140, 24, 133, 130, 31, 66, 37, 22, 76, 121, 13, 79, 71, 144, 135, 111, 63]

Generación 3000 - Distancia óptima: 8090.13
Recorrido: [43, 70, 44, 127, 67, 118, 90, 105, 12, 73, 122, 30, 26, 128, 143, 146, 48, 40, 100, 115, 56, 116, 38, 139, 16, 65, 59, 129, 147, 10, 126, 68, 60, 35, 117, 52, 46, 109, 80, 85, 69, 28, 107, 1, 18, 113, 98, 101, 136, 134, 49, 57, 54, 131, 84, 64, 74, 17, 141, 142, 99, 4, 106, 81, 94, 102, 97, 0, 86, 75, 72, 2, 61, 148, 124, 21, 103, 3, 114, 149, 20, 87, 93, 120, 15, 58, 78, 77, 14, 132, 110, 104, 51, 32, 125, 92, 34, 95, 9, 112, 62, 47, 33, 29, 6, 83, 88, 7, 123, 96, 145, 25, 55, 82, 89, 45, 91, 53, 137, 50, 108, 42, 11, 23, 39, 41, 27, 8, 5, 36, 119, 138, 19, 24, 140, 133, 130, 31, 66, 37, 22, 76, 121, 13, 79, 71, 144, 135, 111, 63]

Generación 4000 - Distancia óptima: 8090.13
Recorrido: [43, 70, 44, 127, 67, 118, 90, 105, 12, 73, 122, 30, 26, 128, 143, 146, 48, 40, 100, 115, 56, 116, 38, 139, 16, 65, 59, 129, 147, 10, 126, 68, 60, 35, 117, 52, 46, 109, 80, 85, 69, 28, 107, 1, 18, 113, 98, 101, 136, 134, 49, 57, 54, 131, 84, 64, 74, 17, 141, 142, 99, 4, 106, 81, 94, 102, 97, 0, 86, 75, 72, 2, 61, 148, 124, 21, 103, 3, 114, 149, 20, 87, 93, 120, 15, 58, 78, 77, 14, 132, 110, 104, 51, 32, 125, 92, 34, 95, 9, 112, 62, 47, 33, 29, 6, 83, 88, 7, 123, 96, 145, 25, 55, 82, 89, 45, 91, 53, 137, 50, 108, 42, 11, 23, 39, 41, 27, 8, 5, 36, 119, 138, 19, 24, 140, 133, 130, 31, 66, 37, 22, 76, 121, 13, 79, 71, 144, 135, 111, 63]

Generación 5000 - Distancia óptima: 8090.13
Recorrido: [43, 70, 44, 127, 67, 118, 90, 105, 12, 73, 122, 30, 26, 128, 143, 146, 48, 40, 100, 115, 56, 116, 38, 139, 16, 65, 59, 129, 147, 10, 126, 68, 60, 35, 117, 52, 46, 109, 80, 85, 69, 28, 107, 1, 18, 113, 98, 101, 136, 134, 49, 57, 54, 131, 84, 64, 74, 17, 141, 142, 99, 4, 106, 81, 94, 102, 97, 0, 86, 75, 72, 2, 61, 148, 124, 21, 103, 3, 114, 149, 20, 87, 93, 120, 15, 58, 78, 77, 14, 132, 110, 104, 51, 32, 125, 92, 34, 95, 9, 112, 62, 47, 33, 29, 6, 83, 88, 7, 123, 96, 145, 25, 55, 82, 89, 45, 91, 53, 137, 50, 108, 42, 11, 23, 39, 41, 27, 8, 5, 36, 119, 138, 19, 24, 140, 133, 130, 31, 66, 37, 22, 76, 121, 13, 79, 71, 144, 135, 111, 63]

Generación 6000 - Distancia óptima: 8090.13
Recorrido: [43, 70, 44, 127, 67, 118, 90, 105, 12, 73, 122, 30, 26, 128, 143, 146, 48, 40, 100, 115, 56, 116, 38, 139, 16, 65, 59, 129, 147, 10, 126, 68, 60, 35, 117, 52, 46, 109, 80, 85, 69, 28, 107, 1, 18, 113, 98, 101, 136, 134, 49, 57, 54, 131, 84, 64, 74, 17, 141, 142, 99, 4, 106, 81, 94, 102, 97, 0, 86, 75, 72, 2, 61, 148, 124, 21, 103, 3, 114, 149, 20, 87, 93, 120, 15, 58, 78, 77, 14, 132, 110, 104, 51, 32, 125, 92, 34, 95, 9, 112, 62, 47, 33, 29, 6, 83, 88, 7, 123, 96, 145, 25, 55, 82, 89, 45, 91, 53, 137, 50, 108, 42, 11, 23, 39, 41, 27, 8, 5, 36, 119, 138, 19, 24, 140, 133, 130, 31, 66, 37, 22, 76, 121, 13, 79, 71, 144, 135, 111, 63]

Generación 7000 - Distancia óptima: 8090.13
Recorrido: [43, 70, 44, 127, 67, 118, 90, 105, 12, 73, 122, 30, 26, 128, 143, 146, 48, 40, 100, 115, 56, 116, 38, 139, 16, 65, 59, 129, 147, 10, 126, 68, 60, 35, 117, 52, 46, 109, 80, 85, 69, 28, 107, 1, 18, 113, 98, 101, 136, 134, 49, 57, 54, 131, 84, 64, 74, 17, 141, 142, 99, 4, 106, 81, 94, 102, 97, 0, 86, 75, 72, 2, 61, 148, 124, 21, 103, 3, 114, 149, 20, 87, 93, 120, 15, 58, 78, 77, 14, 132, 110, 104, 51, 32, 125, 92, 34, 95, 9, 112, 62, 47, 33, 29, 6, 83, 88, 7, 123, 96, 145, 25, 55, 82, 89, 45, 91, 53, 137, 50, 108, 42, 11, 23, 39, 41, 27, 8, 5, 36, 119, 138, 19, 24, 140, 133, 130, 31, 66, 37, 22, 76, 121, 13, 79, 71, 144, 135, 111, 63]

Generación 8000 - Distancia óptima: 8090.13
Recorrido: [43, 70, 44, 127, 67, 118, 90, 105, 12, 73, 122, 30, 26, 128, 143, 146, 48, 40, 100, 115, 56, 116, 38, 139, 16, 65, 59, 129, 147, 10, 126, 68, 60, 35, 117, 52, 46, 109, 80, 85, 69, 28, 107, 1, 18, 113, 98, 101, 136, 134, 49, 57, 54, 131, 84, 64, 74, 17, 141, 142, 99, 4, 106, 81, 94, 102, 97, 0, 86, 75, 72, 2, 61, 148, 124, 21, 103, 3, 114, 149, 20, 87, 93, 120, 15, 58, 78, 77, 14, 132, 110, 104, 51, 32, 125, 92, 34, 95, 9, 112, 62, 47, 33, 29, 6, 83, 88, 7, 123, 96, 145, 25, 55, 82, 89, 45, 91, 53, 137, 50, 108, 42, 11, 23, 39, 41, 27, 8, 5, 36, 119, 138, 19, 24, 140, 133, 130, 31, 66, 37, 22, 76, 121, 13, 79, 71, 144, 135, 111, 63]

Generación 9000 - Distancia óptima: 8073.68
Recorrido: [43, 70, 44, 127, 67, 118, 90, 105, 12, 73, 122, 30, 26, 128, 143, 146, 48, 40, 100, 115, 56, 116, 38, 139, 16, 65, 59, 129, 147, 10, 126, 68, 60, 35, 117, 52, 46, 109, 80, 85, 69, 28, 107, 1, 18, 113, 98, 101, 136, 134, 49, 57, 54, 131, 84, 64, 74, 17, 141, 142, 99, 4, 106, 81, 94, 102, 97, 0, 86, 75, 72, 2, 61, 148, 124, 21, 103, 3, 114, 149, 20, 87, 93, 120, 15, 58, 78, 77, 14, 132, 110, 104, 51, 32, 125, 92, 34, 95, 9, 112, 62, 47, 33, 29, 6, 83, 88, 7, 123, 96, 145, 25, 55, 82, 89, 45, 91, 53, 137, 140, 24, 19, 138, 119, 36, 5, 8, 27, 41, 39, 23, 11, 42, 108, 50, 133, 130, 31, 66, 37, 22, 76, 121, 13, 79, 71, 144, 135, 111, 63]

Generación 10000 - Distancia óptima: 8073.68
Recorrido: [43, 70, 44, 127, 67, 118, 90, 105, 12, 73, 122, 30, 26, 128, 143, 146, 48, 40, 100, 115, 56, 116, 38, 139, 16, 65, 59, 129, 147, 10, 126, 68, 60, 35, 117, 52, 46, 109, 80, 85, 69, 28, 107, 1, 18, 113, 98, 101, 136, 134, 49, 57, 54, 131, 84, 64, 74, 17, 141, 142, 99, 4, 106, 81, 94, 102, 97, 0, 86, 75, 72, 2, 61, 148, 124, 21, 103, 3, 114, 149, 20, 87, 93, 120, 15, 58, 78, 77, 14, 132, 110, 104, 51, 32, 125, 92, 34, 95, 9, 112, 62, 47, 33, 29, 6, 83, 88, 7, 123, 96, 145, 25, 55, 82, 89, 45, 91, 53, 137, 140, 24, 19, 138, 119, 36, 5, 8, 27, 41, 39, 23, 11, 42, 108, 50, 133, 130, 31, 66, 37, 22, 76, 121, 13, 79, 71, 144, 135, 111, 63]

Generación 11000 - Distancia óptima: 8073.68
Recorrido: [43, 70, 44, 127, 67, 118, 90, 105, 12, 73, 122, 30, 26, 128, 143, 146, 48, 40, 100, 115, 56, 116, 38, 139, 16, 65, 59, 129, 147, 10, 126, 68, 60, 35, 117, 52, 46, 109, 80, 85, 69, 28, 107, 1, 18, 113, 98, 101, 136, 134, 49, 57, 54, 131, 84, 64, 74, 17, 141, 142, 99, 4, 106, 81, 94, 102, 97, 0, 86, 75, 72, 2, 61, 148, 124, 21, 103, 3, 114, 149, 20, 87, 93, 120, 15, 58, 78, 77, 14, 132, 110, 104, 51, 32, 125, 92, 34, 95, 9, 112, 62, 47, 33, 29, 6, 83, 88, 7, 123, 96, 145, 25, 55, 82, 89, 45, 91, 53, 137, 140, 24, 19, 138, 119, 36, 5, 8, 27, 41, 39, 23, 11, 42, 108, 50, 133, 130, 31, 66, 37, 22, 76, 121, 13, 79, 71, 144, 135, 111, 63]

Generación 12000 - Distancia óptima: 8073.68
Recorrido: [43, 70, 44, 127, 67, 118, 90, 105, 12, 73, 122, 30, 26, 128, 143, 146, 48, 40, 100, 115, 56, 116, 38, 139, 16, 65, 59, 129, 147, 10, 126, 68, 60, 35, 117, 52, 46, 109, 80, 85, 69, 28, 107, 1, 18, 113, 98, 101, 136, 134, 49, 57, 54, 131, 84, 64, 74, 17, 141, 142, 99, 4, 106, 81, 94, 102, 97, 0, 86, 75, 72, 2, 61, 148, 124, 21, 103, 3, 114, 149, 20, 87, 93, 120, 15, 58, 78, 77, 14, 132, 110, 104, 51, 32, 125, 92, 34, 95, 9, 112, 62, 47, 33, 29, 6, 83, 88, 7, 123, 96, 145, 25, 55, 82, 89, 45, 91, 53, 137, 140, 24, 19, 138, 119, 36, 5, 8, 27, 41, 39, 23, 11, 42, 108, 50, 133, 130, 31, 66, 37, 22, 76, 121, 13, 79, 71, 144, 135, 111, 63]

Generación 13000 - Distancia óptima: 8073.68
Recorrido: [43, 70, 44, 127, 67, 118, 90, 105, 12, 73, 122, 30, 26, 128, 143, 146, 48, 40, 100, 115, 56, 116, 38, 139, 16, 65, 59, 129, 147, 10, 126, 68, 60, 35, 117, 52, 46, 109, 80, 85, 69, 28, 107, 1, 18, 113, 98, 101, 136, 134, 49, 57, 54, 131, 84, 64, 74, 17, 141, 142, 99, 4, 106, 81, 94, 102, 97, 0, 86, 75, 72, 2, 61, 148, 124, 21, 103, 3, 114, 149, 20, 87, 93, 120, 15, 58, 78, 77, 14, 132, 110, 104, 51, 32, 125, 92, 34, 95, 9, 112, 62, 47, 33, 29, 6, 83, 88, 7, 123, 96, 145, 25, 55, 82, 89, 45, 91, 53, 137, 140, 24, 19, 138, 119, 36, 5, 8, 27, 41, 39, 23, 11, 42, 108, 50, 133, 130, 31, 66, 37, 22, 76, 121, 13, 79, 71, 144, 135, 111, 63]

Generación 14000 - Distancia óptima: 8073.68
Recorrido: [43, 70, 44, 127, 67, 118, 90, 105, 12, 73, 122, 30, 26, 128, 143, 146, 48, 40, 100, 115, 56, 116, 38, 139, 16, 65, 59, 129, 147, 10, 126, 68, 60, 35, 117, 52, 46, 109, 80, 85, 69, 28, 107, 1, 18, 113, 98, 101, 136, 134, 49, 57, 54, 131, 84, 64, 74, 17, 141, 142, 99, 4, 106, 81, 94, 102, 97, 0, 86, 75, 72, 2, 61, 148, 124, 21, 103, 3, 114, 149, 20, 87, 93, 120, 15, 58, 78, 77, 14, 132, 110, 104, 51, 32, 125, 92, 34, 95, 9, 112, 62, 47, 33, 29, 6, 83, 88, 7, 123, 96, 145, 25, 55, 82, 89, 45, 91, 53, 137, 140, 24, 19, 138, 119, 36, 5, 8, 27, 41, 39, 23, 11, 42, 108, 50, 133, 130, 31, 66, 37, 22, 76, 121, 13, 79, 71, 144, 135, 111, 63]

Generación 15000 - Distancia óptima: 8073.68
Recorrido: [43, 70, 44, 127, 67, 118, 90, 105, 12, 73, 122, 30, 26, 128, 143, 146, 48, 40, 100, 115, 56, 116, 38, 139, 16, 65, 59, 129, 147, 10, 126, 68, 60, 35, 117, 52, 46, 109, 80, 85, 69, 28, 107, 1, 18, 113, 98, 101, 136, 134, 49, 57, 54, 131, 84, 64, 74, 17, 141, 142, 99, 4, 106, 81, 94, 102, 97, 0, 86, 75, 72, 2, 61, 148, 124, 21, 103, 3, 114, 149, 20, 87, 93, 120, 15, 58, 78, 77, 14, 132, 110, 104, 51, 32, 125, 92, 34, 95, 9, 112, 62, 47, 33, 29, 6, 83, 88, 7, 123, 96, 145, 25, 55, 82, 89, 45, 91, 53, 137, 140, 24, 19, 138, 119, 36, 5, 8, 27, 41, 39, 23, 11, 42, 108, 50, 133, 130, 31, 66, 37, 22, 76, 121, 13, 79, 71, 144, 135, 111, 63]

Generación 16000 - Distancia óptima: 8073.68
Recorrido: [43, 70, 44, 127, 67, 118, 90, 105, 12, 73, 122, 30, 26, 128, 143, 146, 48, 40, 100, 115, 56, 116, 38, 139, 16, 65, 59, 129, 147, 10, 126, 68, 60, 35, 117, 52, 46, 109, 80, 85, 69, 28, 107, 1, 18, 113, 98, 101, 136, 134, 49, 57, 54, 131, 84, 64, 74, 17, 141, 142, 99, 4, 106, 81, 94, 102, 97, 0, 86, 75, 72, 2, 61, 148, 124, 21, 103, 3, 114, 149, 20, 87, 93, 120, 15, 58, 78, 77, 14, 132, 110, 104, 51, 32, 125, 92, 34, 95, 9, 112, 62, 47, 33, 29, 6, 83, 88, 7, 123, 96, 145, 25, 55, 82, 89, 45, 91, 53, 137, 140, 24, 19, 138, 119, 36, 5, 8, 27, 41, 39, 23, 11, 42, 108, 50, 133, 130, 31, 66, 37, 22, 76, 121, 13, 79, 71, 144, 135, 111, 63]

Generación 17000 - Distancia óptima: 8073.68
Recorrido: [43, 70, 44, 127, 67, 118, 90, 105, 12, 73, 122, 30, 26, 128, 143, 146, 48, 40, 100, 115, 56, 116, 38, 139, 16, 65, 59, 129, 147, 10, 126, 68, 60, 35, 117, 52, 46, 109, 80, 85, 69, 28, 107, 1, 18, 113, 98, 101, 136, 134, 49, 57, 54, 131, 84, 64, 74, 17, 141, 142, 99, 4, 106, 81, 94, 102, 97, 0, 86, 75, 72, 2, 61, 148, 124, 21, 103, 3, 114, 149, 20, 87, 93, 120, 15, 58, 78, 77, 14, 132, 110, 104, 51, 32, 125, 92, 34, 95, 9, 112, 62, 47, 33, 29, 6, 83, 88, 7, 123, 96, 145, 25, 55, 82, 89, 45, 91, 53, 137, 140, 24, 19, 138, 119, 36, 5, 8, 27, 41, 39, 23, 11, 42, 108, 50, 133, 130, 31, 66, 37, 22, 76, 121, 13, 79, 71, 144, 135, 111, 63]

Generación 18000 - Distancia óptima: 8073.68
Recorrido: [43, 70, 44, 127, 67, 118, 90, 105, 12, 73, 122, 30, 26, 128, 143, 146, 48, 40, 100, 115, 56, 116, 38, 139, 16, 65, 59, 129, 147, 10, 126, 68, 60, 35, 117, 52, 46, 109, 80, 85, 69, 28, 107, 1, 18, 113, 98, 101, 136, 134, 49, 57, 54, 131, 84, 64, 74, 17, 141, 142, 99, 4, 106, 81, 94, 102, 97, 0, 86, 75, 72, 2, 61, 148, 124, 21, 103, 3, 114, 149, 20, 87, 93, 120, 15, 58, 78, 77, 14, 132, 110, 104, 51, 32, 125, 92, 34, 95, 9, 112, 62, 47, 33, 29, 6, 83, 88, 7, 123, 96, 145, 25, 55, 82, 89, 45, 91, 53, 137, 140, 24, 19, 138, 119, 36, 5, 8, 27, 41, 39, 23, 11, 42, 108, 50, 133, 130, 31, 66, 37, 22, 76, 121, 13, 79, 71, 144, 135, 111, 63]

Generación 19000 - Distancia óptima: 8073.68
Recorrido: [43, 70, 44, 127, 67, 118, 90, 105, 12, 73, 122, 30, 26, 128, 143, 146, 48, 40, 100, 115, 56, 116, 38, 139, 16, 65, 59, 129, 147, 10, 126, 68, 60, 35, 117, 52, 46, 109, 80, 85, 69, 28, 107, 1, 18, 113, 98, 101, 136, 134, 49, 57, 54, 131, 84, 64, 74, 17, 141, 142, 99, 4, 106, 81, 94, 102, 97, 0, 86, 75, 72, 2, 61, 148, 124, 21, 103, 3, 114, 149, 20, 87, 93, 120, 15, 58, 78, 77, 14, 132, 110, 104, 51, 32, 125, 92, 34, 95, 9, 112, 62, 47, 33, 29, 6, 83, 88, 7, 123, 96, 145, 25, 55, 82, 89, 45, 91, 53, 137, 140, 24, 19, 138, 119, 36, 5, 8, 27, 41, 39, 23, 11, 42, 108, 50, 133, 130, 31, 66, 37, 22, 76, 121, 13, 79, 71, 144, 135, 111, 63]

Generación 20000 - Distancia óptima: 8073.68
Recorrido: [43, 70, 44, 127, 67, 118, 90, 105, 12, 73, 122, 30, 26, 128, 143, 146, 48, 40, 100, 115, 56, 116, 38, 139, 16, 65, 59, 129, 147, 10, 126, 68, 60, 35, 117, 52, 46, 109, 80, 85, 69, 28, 107, 1, 18, 113, 98, 101, 136, 134, 49, 57, 54, 131, 84, 64, 74, 17, 141, 142, 99, 4, 106, 81, 94, 102, 97, 0, 86, 75, 72, 2, 61, 148, 124, 21, 103, 3, 114, 149, 20, 87, 93, 120, 15, 58, 78, 77, 14, 132, 110, 104, 51, 32, 125, 92, 34, 95, 9, 112, 62, 47, 33, 29, 6, 83, 88, 7, 123, 96, 145, 25, 55, 82, 89, 45, 91, 53, 137, 140, 24, 19, 138, 119, 36, 5, 8, 27, 41, 39, 23, 11, 42, 108, 50, 133, 130, 31, 66, 37, 22, 76, 121, 13, 79, 71, 144, 135, 111, 63]

Generación 21000 - Distancia óptima: 8073.68
Recorrido: [43, 70, 44, 127, 67, 118, 90, 105, 12, 73, 122, 30, 26, 128, 143, 146, 48, 40, 100, 115, 56, 116, 38, 139, 16, 65, 59, 129, 147, 10, 126, 68, 60, 35, 117, 52, 46, 109, 80, 85, 69, 28, 107, 1, 18, 113, 98, 101, 136, 134, 49, 57, 54, 131, 84, 64, 74, 17, 141, 142, 99, 4, 106, 81, 94, 102, 97, 0, 86, 75, 72, 2, 61, 148, 124, 21, 103, 3, 114, 149, 20, 87, 93, 120, 15, 58, 78, 77, 14, 132, 110, 104, 51, 32, 125, 92, 34, 95, 9, 112, 62, 47, 33, 29, 6, 83, 88, 7, 123, 96, 145, 25, 55, 82, 89, 45, 91, 53, 137, 140, 24, 19, 138, 119, 36, 5, 8, 27, 41, 39, 23, 11, 42, 108, 50, 133, 130, 31, 66, 37, 22, 76, 121, 13, 79, 71, 144, 135, 111, 63]

Generación 22000 - Distancia óptima: 8073.68
Recorrido: [43, 70, 44, 127, 67, 118, 90, 105, 12, 73, 122, 30, 26, 128, 143, 146, 48, 40, 100, 115, 56, 116, 38, 139, 16, 65, 59, 129, 147, 10, 126, 68, 60, 35, 117, 52, 46, 109, 80, 85, 69, 28, 107, 1, 18, 113, 98, 101, 136, 134, 49, 57, 54, 131, 84, 64, 74, 17, 141, 142, 99, 4, 106, 81, 94, 102, 97, 0, 86, 75, 72, 2, 61, 148, 124, 21, 103, 3, 114, 149, 20, 87, 93, 120, 15, 58, 78, 77, 14, 132, 110, 104, 51, 32, 125, 92, 34, 95, 9, 112, 62, 47, 33, 29, 6, 83, 88, 7, 123, 96, 145, 25, 55, 82, 89, 45, 91, 53, 137, 140, 24, 19, 138, 119, 36, 5, 8, 27, 41, 39, 23, 11, 42, 108, 50, 133, 130, 31, 66, 37, 22, 76, 121, 13, 79, 71, 144, 135, 111, 63]

Generación 23000 - Distancia óptima: 8073.68
Recorrido: [43, 70, 44, 127, 67, 118, 90, 105, 12, 73, 122, 30, 26, 128, 143, 146, 48, 40, 100, 115, 56, 116, 38, 139, 16, 65, 59, 129, 147, 10, 126, 68, 60, 35, 117, 52, 46, 109, 80, 85, 69, 28, 107, 1, 18, 113, 98, 101, 136, 134, 49, 57, 54, 131, 84, 64, 74, 17, 141, 142, 99, 4, 106, 81, 94, 102, 97, 0, 86, 75, 72, 2, 61, 148, 124, 21, 103, 3, 114, 149, 20, 87, 93, 120, 15, 58, 78, 77, 14, 132, 110, 104, 51, 32, 125, 92, 34, 95, 9, 112, 62, 47, 33, 29, 6, 83, 88, 7, 123, 96, 145, 25, 55, 82, 89, 45, 91, 53, 137, 140, 24, 19, 138, 119, 36, 5, 8, 27, 41, 39, 23, 11, 42, 108, 50, 133, 130, 31, 66, 37, 22, 76, 121, 13, 79, 71, 144, 135, 111, 63]

Generación 24000 - Distancia óptima: 8073.68
Recorrido: [43, 70, 44, 127, 67, 118, 90, 105, 12, 73, 122, 30, 26, 128, 143, 146, 48, 40, 100, 115, 56, 116, 38, 139, 16, 65, 59, 129, 147, 10, 126, 68, 60, 35, 117, 52, 46, 109, 80, 85, 69, 28, 107, 1, 18, 113, 98, 101, 136, 134, 49, 57, 54, 131, 84, 64, 74, 17, 141, 142, 99, 4, 106, 81, 94, 102, 97, 0, 86, 75, 72, 2, 61, 148, 124, 21, 103, 3, 114, 149, 20, 87, 93, 120, 15, 58, 78, 77, 14, 132, 110, 104, 51, 32, 125, 92, 34, 95, 9, 112, 62, 47, 33, 29, 6, 83, 88, 7, 123, 96, 145, 25, 55, 82, 89, 45, 91, 53, 137, 140, 24, 19, 138, 119, 36, 5, 8, 27, 41, 39, 23, 11, 42, 108, 50, 133, 130, 31, 66, 37, 22, 76, 121, 13, 79, 71, 144, 135, 111, 63]

Generación 25000 - Distancia óptima: 8073.68
Recorrido: [43, 70, 44, 127, 67, 118, 90, 105, 12, 73, 122, 30, 26, 128, 143, 146, 48, 40, 100, 115, 56, 116, 38, 139, 16, 65, 59, 129, 147, 10, 126, 68, 60, 35, 117, 52, 46, 109, 80, 85, 69, 28, 107, 1, 18, 113, 98, 101, 136, 134, 49, 57, 54, 131, 84, 64, 74, 17, 141, 142, 99, 4, 106, 81, 94, 102, 97, 0, 86, 75, 72, 2, 61, 148, 124, 21, 103, 3, 114, 149, 20, 87, 93, 120, 15, 58, 78, 77, 14, 132, 110, 104, 51, 32, 125, 92, 34, 95, 9, 112, 62, 47, 33, 29, 6, 83, 88, 7, 123, 96, 145, 25, 55, 82, 89, 45, 91, 53, 137, 140, 24, 19, 138, 119, 36, 5, 8, 27, 41, 39, 23, 11, 42, 108, 50, 133, 130, 31, 66, 37, 22, 76, 121, 13, 79, 71, 144, 135, 111, 63]

Generación 26000 - Distancia óptima: 8073.68
Recorrido: [43, 70, 44, 127, 67, 118, 90, 105, 12, 73, 122, 30, 26, 128, 143, 146, 48, 40, 100, 115, 56, 116, 38, 139, 16, 65, 59, 129, 147, 10, 126, 68, 60, 35, 117, 52, 46, 109, 80, 85, 69, 28, 107, 1, 18, 113, 98, 101, 136, 134, 49, 57, 54, 131, 84, 64, 74, 17, 141, 142, 99, 4, 106, 81, 94, 102, 97, 0, 86, 75, 72, 2, 61, 148, 124, 21, 103, 3, 114, 149, 20, 87, 93, 120, 15, 58, 78, 77, 14, 132, 110, 104, 51, 32, 125, 92, 34, 95, 9, 112, 62, 47, 33, 29, 6, 83, 88, 7, 123, 96, 145, 25, 55, 82, 89, 45, 91, 53, 137, 140, 24, 19, 138, 119, 36, 5, 8, 27, 41, 39, 23, 11, 42, 108, 50, 133, 130, 31, 66, 37, 22, 76, 121, 13, 79, 71, 144, 135, 111, 63]

Generación 27000 - Distancia óptima: 8073.68
Recorrido: [43, 70, 44, 127, 67, 118, 90, 105, 12, 73, 122, 30, 26, 128, 143, 146, 48, 40, 100, 115, 56, 116, 38, 139, 16, 65, 59, 129, 147, 10, 126, 68, 60, 35, 117, 52, 46, 109, 80, 85, 69, 28, 107, 1, 18, 113, 98, 101, 136, 134, 49, 57, 54, 131, 84, 64, 74, 17, 141, 142, 99, 4, 106, 81, 94, 102, 97, 0, 86, 75, 72, 2, 61, 148, 124, 21, 103, 3, 114, 149, 20, 87, 93, 120, 15, 58, 78, 77, 14, 132, 110, 104, 51, 32, 125, 92, 34, 95, 9, 112, 62, 47, 33, 29, 6, 83, 88, 7, 123, 96, 145, 25, 55, 82, 89, 45, 91, 53, 137, 140, 24, 19, 138, 119, 36, 5, 8, 27, 41, 39, 23, 11, 42, 108, 50, 133, 130, 31, 66, 37, 22, 76, 121, 13, 79, 71, 144, 135, 111, 63]

Generación 28000 - Distancia óptima: 8073.68
Recorrido: [43, 70, 44, 127, 67, 118, 90, 105, 12, 73, 122, 30, 26, 128, 143, 146, 48, 40, 100, 115, 56, 116, 38, 139, 16, 65, 59, 129, 147, 10, 126, 68, 60, 35, 117, 52, 46, 109, 80, 85, 69, 28, 107, 1, 18, 113, 98, 101, 136, 134, 49, 57, 54, 131, 84, 64, 74, 17, 141, 142, 99, 4, 106, 81, 94, 102, 97, 0, 86, 75, 72, 2, 61, 148, 124, 21, 103, 3, 114, 149, 20, 87, 93, 120, 15, 58, 78, 77, 14, 132, 110, 104, 51, 32, 125, 92, 34, 95, 9, 112, 62, 47, 33, 29, 6, 83, 88, 7, 123, 96, 145, 25, 55, 82, 89, 45, 91, 53, 137, 140, 24, 19, 138, 119, 36, 5, 8, 27, 41, 39, 23, 11, 42, 108, 50, 133, 130, 31, 66, 37, 22, 76, 121, 13, 79, 71, 144, 135, 111, 63]

Generación 29000 - Distancia óptima: 8073.68
Recorrido: [43, 70, 44, 127, 67, 118, 90, 105, 12, 73, 122, 30, 26, 128, 143, 146, 48, 40, 100, 115, 56, 116, 38, 139, 16, 65, 59, 129, 147, 10, 126, 68, 60, 35, 117, 52, 46, 109, 80, 85, 69, 28, 107, 1, 18, 113, 98, 101, 136, 134, 49, 57, 54, 131, 84, 64, 74, 17, 141, 142, 99, 4, 106, 81, 94, 102, 97, 0, 86, 75, 72, 2, 61, 148, 124, 21, 103, 3, 114, 149, 20, 87, 93, 120, 15, 58, 78, 77, 14, 132, 110, 104, 51, 32, 125, 92, 34, 95, 9, 112, 62, 47, 33, 29, 6, 83, 88, 7, 123, 96, 145, 25, 55, 82, 89, 45, 91, 53, 137, 140, 24, 19, 138, 119, 36, 5, 8, 27, 41, 39, 23, 11, 42, 108, 50, 133, 130, 31, 66, 37, 22, 76, 121, 13, 79, 71, 144, 135, 111, 63]

Generación 30000 - Distancia óptima: 8073.68
Recorrido: [43, 70, 44, 127, 67, 118, 90, 105, 12, 73, 122, 30, 26, 128, 143, 146, 48, 40, 100, 115, 56, 116, 38, 139, 16, 65, 59, 129, 147, 10, 126, 68, 60, 35, 117, 52, 46, 109, 80, 85, 69, 28, 107, 1, 18, 113, 98, 101, 136, 134, 49, 57, 54, 131, 84, 64, 74, 17, 141, 142, 99, 4, 106, 81, 94, 102, 97, 0, 86, 75, 72, 2, 61, 148, 124, 21, 103, 3, 114, 149, 20, 87, 93, 120, 15, 58, 78, 77, 14, 132, 110, 104, 51, 32, 125, 92, 34, 95, 9, 112, 62, 47, 33, 29, 6, 83, 88, 7, 123, 96, 145, 25, 55, 82, 89, 45, 91, 53, 137, 140, 24, 19, 138, 119, 36, 5, 8, 27, 41, 39, 23, 11, 42, 108, 50, 133, 130, 31, 66, 37, 22, 76, 121, 13, 79, 71, 144, 135, 111, 63]

Generación 31000 - Distancia óptima: 8073.68
Recorrido: [43, 70, 44, 127, 67, 118, 90, 105, 12, 73, 122, 30, 26, 128, 143, 146, 48, 40, 100, 115, 56, 116, 38, 139, 16, 65, 59, 129, 147, 10, 126, 68, 60, 35, 117, 52, 46, 109, 80, 85, 69, 28, 107, 1, 18, 113, 98, 101, 136, 134, 49, 57, 54, 131, 84, 64, 74, 17, 141, 142, 99, 4, 106, 81, 94, 102, 97, 0, 86, 75, 72, 2, 61, 148, 124, 21, 103, 3, 114, 149, 20, 87, 93, 120, 15, 58, 78, 77, 14, 132, 110, 104, 51, 32, 125, 92, 34, 95, 9, 112, 62, 47, 33, 29, 6, 83, 88, 7, 123, 96, 145, 25, 55, 82, 89, 45, 91, 53, 137, 140, 24, 19, 138, 119, 36, 5, 8, 27, 41, 39, 23, 11, 42, 108, 50, 133, 130, 31, 66, 37, 22, 76, 121, 13, 79, 71, 144, 135, 111, 63]

Generación 32000 - Distancia óptima: 8073.68
Recorrido: [43, 70, 44, 127, 67, 118, 90, 105, 12, 73, 122, 30, 26, 128, 143, 146, 48, 40, 100, 115, 56, 116, 38, 139, 16, 65, 59, 129, 147, 10, 126, 68, 60, 35, 117, 52, 46, 109, 80, 85, 69, 28, 107, 1, 18, 113, 98, 101, 136, 134, 49, 57, 54, 131, 84, 64, 74, 17, 141, 142, 99, 4, 106, 81, 94, 102, 97, 0, 86, 75, 72, 2, 61, 148, 124, 21, 103, 3, 114, 149, 20, 87, 93, 120, 15, 58, 78, 77, 14, 132, 110, 104, 51, 32, 125, 92, 34, 95, 9, 112, 62, 47, 33, 29, 6, 83, 88, 7, 123, 96, 145, 25, 55, 82, 89, 45, 91, 53, 137, 140, 24, 19, 138, 119, 36, 5, 8, 27, 41, 39, 23, 11, 42, 108, 50, 133, 130, 31, 66, 37, 22, 76, 121, 13, 79, 71, 144, 135, 111, 63]

Generación 33000 - Distancia óptima: 8073.68
Recorrido: [43, 70, 44, 127, 67, 118, 90, 105, 12, 73, 122, 30, 26, 128, 143, 146, 48, 40, 100, 115, 56, 116, 38, 139, 16, 65, 59, 129, 147, 10, 126, 68, 60, 35, 117, 52, 46, 109, 80, 85, 69, 28, 107, 1, 18, 113, 98, 101, 136, 134, 49, 57, 54, 131, 84, 64, 74, 17, 141, 142, 99, 4, 106, 81, 94, 102, 97, 0, 86, 75, 72, 2, 61, 148, 124, 21, 103, 3, 114, 149, 20, 87, 93, 120, 15, 58, 78, 77, 14, 132, 110, 104, 51, 32, 125, 92, 34, 95, 9, 112, 62, 47, 33, 29, 6, 83, 88, 7, 123, 96, 145, 25, 55, 82, 89, 45, 91, 53, 137, 140, 24, 19, 138, 119, 36, 5, 8, 27, 41, 39, 23, 11, 42, 108, 50, 133, 130, 31, 66, 37, 22, 76, 121, 13, 79, 71, 144, 135, 111, 63]

Generación 34000 - Distancia óptima: 8073.68
Recorrido: [43, 70, 44, 127, 67, 118, 90, 105, 12, 73, 122, 30, 26, 128, 143, 146, 48, 40, 100, 115, 56, 116, 38, 139, 16, 65, 59, 129, 147, 10, 126, 68, 60, 35, 117, 52, 46, 109, 80, 85, 69, 28, 107, 1, 18, 113, 98, 101, 136, 134, 49, 57, 54, 131, 84, 64, 74, 17, 141, 142, 99, 4, 106, 81, 94, 102, 97, 0, 86, 75, 72, 2, 61, 148, 124, 21, 103, 3, 114, 149, 20, 87, 93, 120, 15, 58, 78, 77, 14, 132, 110, 104, 51, 32, 125, 92, 34, 95, 9, 112, 62, 47, 33, 29, 6, 83, 88, 7, 123, 96, 145, 25, 55, 82, 89, 45, 91, 53, 137, 140, 24, 19, 138, 119, 36, 5, 8, 27, 41, 39, 23, 11, 42, 108, 50, 133, 130, 31, 66, 37, 22, 76, 121, 13, 79, 71, 144, 135, 111, 63]

Generación 35000 - Distancia óptima: 8073.68
Recorrido: [43, 70, 44, 127, 67, 118, 90, 105, 12, 73, 122, 30, 26, 128, 143, 146, 48, 40, 100, 115, 56, 116, 38, 139, 16, 65, 59, 129, 147, 10, 126, 68, 60, 35, 117, 52, 46, 109, 80, 85, 69, 28, 107, 1, 18, 113, 98, 101, 136, 134, 49, 57, 54, 131, 84, 64, 74, 17, 141, 142, 99, 4, 106, 81, 94, 102, 97, 0, 86, 75, 72, 2, 61, 148, 124, 21, 103, 3, 114, 149, 20, 87, 93, 120, 15, 58, 78, 77, 14, 132, 110, 104, 51, 32, 125, 92, 34, 95, 9, 112, 62, 47, 33, 29, 6, 83, 88, 7, 123, 96, 145, 25, 55, 82, 89, 45, 91, 53, 137, 140, 24, 19, 138, 119, 36, 5, 8, 27, 41, 39, 23, 11, 42, 108, 50, 133, 130, 31, 66, 37, 22, 76, 121, 13, 79, 71, 144, 135, 111, 63]

Generación 36000 - Distancia óptima: 8073.68
Recorrido: [43, 70, 44, 127, 67, 118, 90, 105, 12, 73, 122, 30, 26, 128, 143, 146, 48, 40, 100, 115, 56, 116, 38, 139, 16, 65, 59, 129, 147, 10, 126, 68, 60, 35, 117, 52, 46, 109, 80, 85, 69, 28, 107, 1, 18, 113, 98, 101, 136, 134, 49, 57, 54, 131, 84, 64, 74, 17, 141, 142, 99, 4, 106, 81, 94, 102, 97, 0, 86, 75, 72, 2, 61, 148, 124, 21, 103, 3, 114, 149, 20, 87, 93, 120, 15, 58, 78, 77, 14, 132, 110, 104, 51, 32, 125, 92, 34, 95, 9, 112, 62, 47, 33, 29, 6, 83, 88, 7, 123, 96, 145, 25, 55, 82, 89, 45, 91, 53, 137, 140, 24, 19, 138, 119, 36, 5, 8, 27, 41, 39, 23, 11, 42, 108, 50, 133, 130, 31, 66, 37, 22, 76, 121, 13, 79, 71, 144, 135, 111, 63]

Generación 37000 - Distancia óptima: 8073.68
Recorrido: [43, 70, 44, 127, 67, 118, 90, 105, 12, 73, 122, 30, 26, 128, 143, 146, 48, 40, 100, 115, 56, 116, 38, 139, 16, 65, 59, 129, 147, 10, 126, 68, 60, 35, 117, 52, 46, 109, 80, 85, 69, 28, 107, 1, 18, 113, 98, 101, 136, 134, 49, 57, 54, 131, 84, 64, 74, 17, 141, 142, 99, 4, 106, 81, 94, 102, 97, 0, 86, 75, 72, 2, 61, 148, 124, 21, 103, 3, 114, 149, 20, 87, 93, 120, 15, 58, 78, 77, 14, 132, 110, 104, 51, 32, 125, 92, 34, 95, 9, 112, 62, 47, 33, 29, 6, 83, 88, 7, 123, 96, 145, 25, 55, 82, 89, 45, 91, 53, 137, 140, 24, 19, 138, 119, 36, 5, 8, 27, 41, 39, 23, 11, 42, 108, 50, 133, 130, 31, 66, 37, 22, 76, 121, 13, 79, 71, 144, 135, 111, 63]

Generación 38000 - Distancia óptima: 8073.68
Recorrido: [43, 70, 44, 127, 67, 118, 90, 105, 12, 73, 122, 30, 26, 128, 143, 146, 48, 40, 100, 115, 56, 116, 38, 139, 16, 65, 59, 129, 147, 10, 126, 68, 60, 35, 117, 52, 46, 109, 80, 85, 69, 28, 107, 1, 18, 113, 98, 101, 136, 134, 49, 57, 54, 131, 84, 64, 74, 17, 141, 142, 99, 4, 106, 81, 94, 102, 97, 0, 86, 75, 72, 2, 61, 148, 124, 21, 103, 3, 114, 149, 20, 87, 93, 120, 15, 58, 78, 77, 14, 132, 110, 104, 51, 32, 125, 92, 34, 95, 9, 112, 62, 47, 33, 29, 6, 83, 88, 7, 123, 96, 145, 25, 55, 82, 89, 45, 91, 53, 137, 140, 24, 19, 138, 119, 36, 5, 8, 27, 41, 39, 23, 11, 42, 108, 50, 133, 130, 31, 66, 37, 22, 76, 121, 13, 79, 71, 144, 135, 111, 63]

Generación 39000 - Distancia óptima: 8073.68
Recorrido: [43, 70, 44, 127, 67, 118, 90, 105, 12, 73, 122, 30, 26, 128, 143, 146, 48, 40, 100, 115, 56, 116, 38, 139, 16, 65, 59, 129, 147, 10, 126, 68, 60, 35, 117, 52, 46, 109, 80, 85, 69, 28, 107, 1, 18, 113, 98, 101, 136, 134, 49, 57, 54, 131, 84, 64, 74, 17, 141, 142, 99, 4, 106, 81, 94, 102, 97, 0, 86, 75, 72, 2, 61, 148, 124, 21, 103, 3, 114, 149, 20, 87, 93, 120, 15, 58, 78, 77, 14, 132, 110, 104, 51, 32, 125, 92, 34, 95, 9, 112, 62, 47, 33, 29, 6, 83, 88, 7, 123, 96, 145, 25, 55, 82, 89, 45, 91, 53, 137, 140, 24, 19, 138, 119, 36, 5, 8, 27, 41, 39, 23, 11, 42, 108, 50, 133, 130, 31, 66, 37, 22, 76, 121, 13, 79, 71, 144, 135, 111, 63]

Generación 40000 - Distancia óptima: 8073.68
Recorrido: [43, 70, 44, 127, 67, 118, 90, 105, 12, 73, 122, 30, 26, 128, 143, 146, 48, 40, 100, 115, 56, 116, 38, 139, 16, 65, 59, 129, 147, 10, 126, 68, 60, 35, 117, 52, 46, 109, 80, 85, 69, 28, 107, 1, 18, 113, 98, 101, 136, 134, 49, 57, 54, 131, 84, 64, 74, 17, 141, 142, 99, 4, 106, 81, 94, 102, 97, 0, 86, 75, 72, 2, 61, 148, 124, 21, 103, 3, 114, 149, 20, 87, 93, 120, 15, 58, 78, 77, 14, 132, 110, 104, 51, 32, 125, 92, 34, 95, 9, 112, 62, 47, 33, 29, 6, 83, 88, 7, 123, 96, 145, 25, 55, 82, 89, 45, 91, 53, 137, 140, 24, 19, 138, 119, 36, 5, 8, 27, 41, 39, 23, 11, 42, 108, 50, 133, 130, 31, 66, 37, 22, 76, 121, 13, 79, 71, 144, 135, 111, 63]

Generación 41000 - Distancia óptima: 8073.68
Recorrido: [43, 70, 44, 127, 67, 118, 90, 105, 12, 73, 122, 30, 26, 128, 143, 146, 48, 40, 100, 115, 56, 116, 38, 139, 16, 65, 59, 129, 147, 10, 126, 68, 60, 35, 117, 52, 46, 109, 80, 85, 69, 28, 107, 1, 18, 113, 98, 101, 136, 134, 49, 57, 54, 131, 84, 64, 74, 17, 141, 142, 99, 4, 106, 81, 94, 102, 97, 0, 86, 75, 72, 2, 61, 148, 124, 21, 103, 3, 114, 149, 20, 87, 93, 120, 15, 58, 78, 77, 14, 132, 110, 104, 51, 32, 125, 92, 34, 95, 9, 112, 62, 47, 33, 29, 6, 83, 88, 7, 123, 96, 145, 25, 55, 82, 89, 45, 91, 53, 137, 140, 24, 19, 138, 119, 36, 5, 8, 27, 41, 39, 23, 11, 42, 108, 50, 133, 130, 31, 66, 37, 22, 76, 121, 13, 79, 71, 144, 135, 111, 63]

Generación 42000 - Distancia óptima: 8073.68
Recorrido: [43, 70, 44, 127, 67, 118, 90, 105, 12, 73, 122, 30, 26, 128, 143, 146, 48, 40, 100, 115, 56, 116, 38, 139, 16, 65, 59, 129, 147, 10, 126, 68, 60, 35, 117, 52, 46, 109, 80, 85, 69, 28, 107, 1, 18, 113, 98, 101, 136, 134, 49, 57, 54, 131, 84, 64, 74, 17, 141, 142, 99, 4, 106, 81, 94, 102, 97, 0, 86, 75, 72, 2, 61, 148, 124, 21, 103, 3, 114, 149, 20, 87, 93, 120, 15, 58, 78, 77, 14, 132, 110, 104, 51, 32, 125, 92, 34, 95, 9, 112, 62, 47, 33, 29, 6, 83, 88, 7, 123, 96, 145, 25, 55, 82, 89, 45, 91, 53, 137, 140, 24, 19, 138, 119, 36, 5, 8, 27, 41, 39, 23, 11, 42, 108, 50, 133, 130, 31, 66, 37, 22, 76, 121, 13, 79, 71, 144, 135, 111, 63]

Generación 43000 - Distancia óptima: 8073.68
Recorrido: [43, 70, 44, 127, 67, 118, 90, 105, 12, 73, 122, 30, 26, 128, 143, 146, 48, 40, 100, 115, 56, 116, 38, 139, 16, 65, 59, 129, 147, 10, 126, 68, 60, 35, 117, 52, 46, 109, 80, 85, 69, 28, 107, 1, 18, 113, 98, 101, 136, 134, 49, 57, 54, 131, 84, 64, 74, 17, 141, 142, 99, 4, 106, 81, 94, 102, 97, 0, 86, 75, 72, 2, 61, 148, 124, 21, 103, 3, 114, 149, 20, 87, 93, 120, 15, 58, 78, 77, 14, 132, 110, 104, 51, 32, 125, 92, 34, 95, 9, 112, 62, 47, 33, 29, 6, 83, 88, 7, 123, 96, 145, 25, 55, 82, 89, 45, 91, 53, 137, 140, 24, 19, 138, 119, 36, 5, 8, 27, 41, 39, 23, 11, 42, 108, 50, 133, 130, 31, 66, 37, 22, 76, 121, 13, 79, 71, 144, 135, 111, 63]

Generación 44000 - Distancia óptima: 8067.13
Recorrido: [43, 70, 44, 127, 67, 118, 90, 105, 12, 73, 122, 30, 26, 128, 143, 146, 48, 40, 100, 115, 56, 116, 38, 139, 16, 65, 59, 129, 147, 10, 126, 68, 60, 35, 117, 52, 46, 109, 80, 85, 69, 28, 107, 1, 18, 113, 98, 101, 136, 134, 49, 57, 54, 131, 84, 64, 74, 17, 141, 142, 99, 4, 106, 81, 94, 102, 97, 0, 86, 75, 72, 2, 61, 148, 124, 21, 103, 3, 114, 149, 20, 87, 93, 120, 15, 58, 78, 77, 14, 132, 110, 104, 51, 32, 125, 92, 34, 95, 9, 112, 62, 47, 33, 29, 6, 83, 88, 7, 123, 96, 145, 25, 55, 82, 89, 45, 91, 53, 137, 140, 24, 19, 138, 119, 36, 5, 27, 8, 41, 39, 23, 11, 42, 108, 50, 133, 130, 31, 66, 37, 22, 76, 121, 13, 79, 71, 144, 135, 111, 63]

Generación 45000 - Distancia óptima: 8058.39
Recorrido: [43, 70, 44, 127, 67, 118, 90, 105, 12, 73, 122, 30, 26, 128, 143, 146, 48, 40, 100, 115, 56, 116, 38, 139, 16, 65, 59, 129, 147, 10, 126, 68, 60, 35, 117, 52, 46, 109, 80, 85, 69, 136, 101, 98, 113, 18, 1, 107, 28, 134, 49, 57, 54, 131, 84, 64, 74, 17, 141, 142, 99, 4, 106, 81, 94, 102, 97, 0, 86, 75, 72, 2, 61, 148, 124, 21, 103, 3, 114, 149, 20, 87, 93, 120, 15, 58, 78, 77, 14, 132, 110, 104, 51, 32, 125, 92, 34, 95, 9, 112, 62, 47, 33, 29, 6, 83, 88, 7, 123, 96, 145, 25, 55, 82, 89, 45, 91, 53, 137, 140, 24, 19, 138, 119, 36, 5, 27, 8, 41, 39, 23, 11, 42, 108, 50, 133, 130, 31, 66, 37, 22, 76, 121, 13, 79, 71, 144, 135, 111, 63]

Generación 46000 - Distancia óptima: 8058.39
Recorrido: [43, 70, 44, 127, 67, 118, 90, 105, 12, 73, 122, 30, 26, 128, 143, 146, 48, 40, 100, 115, 56, 116, 38, 139, 16, 65, 59, 129, 147, 10, 126, 68, 60, 35, 117, 52, 46, 109, 80, 85, 69, 136, 101, 98, 113, 18, 1, 107, 28, 134, 49, 57, 54, 131, 84, 64, 74, 17, 141, 142, 99, 4, 106, 81, 94, 102, 97, 0, 86, 75, 72, 2, 61, 148, 124, 21, 103, 3, 114, 149, 20, 87, 93, 120, 15, 58, 78, 77, 14, 132, 110, 104, 51, 32, 125, 92, 34, 95, 9, 112, 62, 47, 33, 29, 6, 83, 88, 7, 123, 96, 145, 25, 55, 82, 89, 45, 91, 53, 137, 140, 24, 19, 138, 119, 36, 5, 27, 8, 41, 39, 23, 11, 42, 108, 50, 133, 130, 31, 66, 37, 22, 76, 121, 13, 79, 71, 144, 135, 111, 63]

Generación 47000 - Distancia óptima: 8058.39
Recorrido: [43, 70, 44, 127, 67, 118, 90, 105, 12, 73, 122, 30, 26, 128, 143, 146, 48, 40, 100, 115, 56, 116, 38, 139, 16, 65, 59, 129, 147, 10, 126, 68, 60, 35, 117, 52, 46, 109, 80, 85, 69, 136, 101, 98, 113, 18, 1, 107, 28, 134, 49, 57, 54, 131, 84, 64, 74, 17, 141, 142, 99, 4, 106, 81, 94, 102, 97, 0, 86, 75, 72, 2, 61, 148, 124, 21, 103, 3, 114, 149, 20, 87, 93, 120, 15, 58, 78, 77, 14, 132, 110, 104, 51, 32, 125, 92, 34, 95, 9, 112, 62, 47, 33, 29, 6, 83, 88, 7, 123, 96, 145, 25, 55, 82, 89, 45, 91, 53, 137, 140, 24, 19, 138, 119, 36, 5, 27, 8, 41, 39, 23, 11, 42, 108, 50, 133, 130, 31, 66, 37, 22, 76, 121, 13, 79, 71, 144, 135, 111, 63]

Generación 48000 - Distancia óptima: 8058.39
Recorrido: [43, 70, 44, 127, 67, 118, 90, 105, 12, 73, 122, 30, 26, 128, 143, 146, 48, 40, 100, 115, 56, 116, 38, 139, 16, 65, 59, 129, 147, 10, 126, 68, 60, 35, 117, 52, 46, 109, 80, 85, 69, 136, 101, 98, 113, 18, 1, 107, 28, 134, 49, 57, 54, 131, 84, 64, 74, 17, 141, 142, 99, 4, 106, 81, 94, 102, 97, 0, 86, 75, 72, 2, 61, 148, 124, 21, 103, 3, 114, 149, 20, 87, 93, 120, 15, 58, 78, 77, 14, 132, 110, 104, 51, 32, 125, 92, 34, 95, 9, 112, 62, 47, 33, 29, 6, 83, 88, 7, 123, 96, 145, 25, 55, 82, 89, 45, 91, 53, 137, 140, 24, 19, 138, 119, 36, 5, 27, 8, 41, 39, 23, 11, 42, 108, 50, 133, 130, 31, 66, 37, 22, 76, 121, 13, 79, 71, 144, 135, 111, 63]

Generación 49000 - Distancia óptima: 8058.39
Recorrido: [43, 70, 44, 127, 67, 118, 90, 105, 12, 73, 122, 30, 26, 128, 143, 146, 48, 40, 100, 115, 56, 116, 38, 139, 16, 65, 59, 129, 147, 10, 126, 68, 60, 35, 117, 52, 46, 109, 80, 85, 69, 136, 101, 98, 113, 18, 1, 107, 28, 134, 49, 57, 54, 131, 84, 64, 74, 17, 141, 142, 99, 4, 106, 81, 94, 102, 97, 0, 86, 75, 72, 2, 61, 148, 124, 21, 103, 3, 114, 149, 20, 87, 93, 120, 15, 58, 78, 77, 14, 132, 110, 104, 51, 32, 125, 92, 34, 95, 9, 112, 62, 47, 33, 29, 6, 83, 88, 7, 123, 96, 145, 25, 55, 82, 89, 45, 91, 53, 137, 140, 24, 19, 138, 119, 36, 5, 27, 8, 41, 39, 23, 11, 42, 108, 50, 133, 130, 31, 66, 37, 22, 76, 121, 13, 79, 71, 144, 135, 111, 63]

Generación 50000 - Distancia óptima: 8058.39
Recorrido: [43, 70, 44, 127, 67, 118, 90, 105, 12, 73, 122, 30, 26, 128, 143, 146, 48, 40, 100, 115, 56, 116, 38, 139, 16, 65, 59, 129, 147, 10, 126, 68, 60, 35, 117, 52, 46, 109, 80, 85, 69, 136, 101, 98, 113, 18, 1, 107, 28, 134, 49, 57, 54, 131, 84, 64, 74, 17, 141, 142, 99, 4, 106, 81, 94, 102, 97, 0, 86, 75, 72, 2, 61, 148, 124, 21, 103, 3, 114, 149, 20, 87, 93, 120, 15, 58, 78, 77, 14, 132, 110, 104, 51, 32, 125, 92, 34, 95, 9, 112, 62, 47, 33, 29, 6, 83, 88, 7, 123, 96, 145, 25, 55, 82, 89, 45, 91, 53, 137, 140, 24, 19, 138, 119, 36, 5, 27, 8, 41, 39, 23, 11, 42, 108, 50, 133, 130, 31, 66, 37, 22, 76, 121, 13, 79, 71, 144, 135, 111, 63]

Generación 51000 - Distancia óptima: 8058.39
Recorrido: [43, 70, 44, 127, 67, 118, 90, 105, 12, 73, 122, 30, 26, 128, 143, 146, 48, 40, 100, 115, 56, 116, 38, 139, 16, 65, 59, 129, 147, 10, 126, 68, 60, 35, 117, 52, 46, 109, 80, 85, 69, 136, 101, 98, 113, 18, 1, 107, 28, 134, 49, 57, 54, 131, 84, 64, 74, 17, 141, 142, 99, 4, 106, 81, 94, 102, 97, 0, 86, 75, 72, 2, 61, 148, 124, 21, 103, 3, 114, 149, 20, 87, 93, 120, 15, 58, 78, 77, 14, 132, 110, 104, 51, 32, 125, 92, 34, 95, 9, 112, 62, 47, 33, 29, 6, 83, 88, 7, 123, 96, 145, 25, 55, 82, 89, 45, 91, 53, 137, 140, 24, 19, 138, 119, 36, 5, 27, 8, 41, 39, 23, 11, 42, 108, 50, 133, 130, 31, 66, 37, 22, 76, 121, 13, 79, 71, 144, 135, 111, 63]

Generación 52000 - Distancia óptima: 8058.39
Recorrido: [43, 70, 44, 127, 67, 118, 90, 105, 12, 73, 122, 30, 26, 128, 143, 146, 48, 40, 100, 115, 56, 116, 38, 139, 16, 65, 59, 129, 147, 10, 126, 68, 60, 35, 117, 52, 46, 109, 80, 85, 69, 136, 101, 98, 113, 18, 1, 107, 28, 134, 49, 57, 54, 131, 84, 64, 74, 17, 141, 142, 99, 4, 106, 81, 94, 102, 97, 0, 86, 75, 72, 2, 61, 148, 124, 21, 103, 3, 114, 149, 20, 87, 93, 120, 15, 58, 78, 77, 14, 132, 110, 104, 51, 32, 125, 92, 34, 95, 9, 112, 62, 47, 33, 29, 6, 83, 88, 7, 123, 96, 145, 25, 55, 82, 89, 45, 91, 53, 137, 140, 24, 19, 138, 119, 36, 5, 27, 8, 41, 39, 23, 11, 42, 108, 50, 133, 130, 31, 66, 37, 22, 76, 121, 13, 79, 71, 144, 135, 111, 63]

Generación 53000 - Distancia óptima: 8058.39
Recorrido: [43, 70, 44, 127, 67, 118, 90, 105, 12, 73, 122, 30, 26, 128, 143, 146, 48, 40, 100, 115, 56, 116, 38, 139, 16, 65, 59, 129, 147, 10, 126, 68, 60, 35, 117, 52, 46, 109, 80, 85, 69, 136, 101, 98, 113, 18, 1, 107, 28, 134, 49, 57, 54, 131, 84, 64, 74, 17, 141, 142, 99, 4, 106, 81, 94, 102, 97, 0, 86, 75, 72, 2, 61, 148, 124, 21, 103, 3, 114, 149, 20, 87, 93, 120, 15, 58, 78, 77, 14, 132, 110, 104, 51, 32, 125, 92, 34, 95, 9, 112, 62, 47, 33, 29, 6, 83, 88, 7, 123, 96, 145, 25, 55, 82, 89, 45, 91, 53, 137, 140, 24, 19, 138, 119, 36, 5, 27, 8, 41, 39, 23, 11, 42, 108, 50, 133, 130, 31, 66, 37, 22, 76, 121, 13, 79, 71, 144, 135, 111, 63]

Generación 54000 - Distancia óptima: 8058.39
Recorrido: [43, 70, 44, 127, 67, 118, 90, 105, 12, 73, 122, 30, 26, 128, 143, 146, 48, 40, 100, 115, 56, 116, 38, 139, 16, 65, 59, 129, 147, 10, 126, 68, 60, 35, 117, 52, 46, 109, 80, 85, 69, 136, 101, 98, 113, 18, 1, 107, 28, 134, 49, 57, 54, 131, 84, 64, 74, 17, 141, 142, 99, 4, 106, 81, 94, 102, 97, 0, 86, 75, 72, 2, 61, 148, 124, 21, 103, 3, 114, 149, 20, 87, 93, 120, 15, 58, 78, 77, 14, 132, 110, 104, 51, 32, 125, 92, 34, 95, 9, 112, 62, 47, 33, 29, 6, 83, 88, 7, 123, 96, 145, 25, 55, 82, 89, 45, 91, 53, 137, 140, 24, 19, 138, 119, 36, 5, 27, 8, 41, 39, 23, 11, 42, 108, 50, 133, 130, 31, 66, 37, 22, 76, 121, 13, 79, 71, 144, 135, 111, 63]

Generación 55000 - Distancia óptima: 8058.39
Recorrido: [43, 70, 44, 127, 67, 118, 90, 105, 12, 73, 122, 30, 26, 128, 143, 146, 48, 40, 100, 115, 56, 116, 38, 139, 16, 65, 59, 129, 147, 10, 126, 68, 60, 35, 117, 52, 46, 109, 80, 85, 69, 136, 101, 98, 113, 18, 1, 107, 28, 134, 49, 57, 54, 131, 84, 64, 74, 17, 141, 142, 99, 4, 106, 81, 94, 102, 97, 0, 86, 75, 72, 2, 61, 148, 124, 21, 103, 3, 114, 149, 20, 87, 93, 120, 15, 58, 78, 77, 14, 132, 110, 104, 51, 32, 125, 92, 34, 95, 9, 112, 62, 47, 33, 29, 6, 83, 88, 7, 123, 96, 145, 25, 55, 82, 89, 45, 91, 53, 137, 140, 24, 19, 138, 119, 36, 5, 27, 8, 41, 39, 23, 11, 42, 108, 50, 133, 130, 31, 66, 37, 22, 76, 121, 13, 79, 71, 144, 135, 111, 63]

Generación 56000 - Distancia óptima: 8058.39
Recorrido: [43, 70, 44, 127, 67, 118, 90, 105, 12, 73, 122, 30, 26, 128, 143, 146, 48, 40, 100, 115, 56, 116, 38, 139, 16, 65, 59, 129, 147, 10, 126, 68, 60, 35, 117, 52, 46, 109, 80, 85, 69, 136, 101, 98, 113, 18, 1, 107, 28, 134, 49, 57, 54, 131, 84, 64, 74, 17, 141, 142, 99, 4, 106, 81, 94, 102, 97, 0, 86, 75, 72, 2, 61, 148, 124, 21, 103, 3, 114, 149, 20, 87, 93, 120, 15, 58, 78, 77, 14, 132, 110, 104, 51, 32, 125, 92, 34, 95, 9, 112, 62, 47, 33, 29, 6, 83, 88, 7, 123, 96, 145, 25, 55, 82, 89, 45, 91, 53, 137, 140, 24, 19, 138, 119, 36, 5, 27, 8, 41, 39, 23, 11, 42, 108, 50, 133, 130, 31, 66, 37, 22, 76, 121, 13, 79, 71, 144, 135, 111, 63]

Generación 57000 - Distancia óptima: 8058.39
Recorrido: [43, 70, 44, 127, 67, 118, 90, 105, 12, 73, 122, 30, 26, 128, 143, 146, 48, 40, 100, 115, 56, 116, 38, 139, 16, 65, 59, 129, 147, 10, 126, 68, 60, 35, 117, 52, 46, 109, 80, 85, 69, 136, 101, 98, 113, 18, 1, 107, 28, 134, 49, 57, 54, 131, 84, 64, 74, 17, 141, 142, 99, 4, 106, 81, 94, 102, 97, 0, 86, 75, 72, 2, 61, 148, 124, 21, 103, 3, 114, 149, 20, 87, 93, 120, 15, 58, 78, 77, 14, 132, 110, 104, 51, 32, 125, 92, 34, 95, 9, 112, 62, 47, 33, 29, 6, 83, 88, 7, 123, 96, 145, 25, 55, 82, 89, 45, 91, 53, 137, 140, 24, 19, 138, 119, 36, 5, 27, 8, 41, 39, 23, 11, 42, 108, 50, 133, 130, 31, 66, 37, 22, 76, 121, 13, 79, 71, 144, 135, 111, 63]

Generación 58000 - Distancia óptima: 8058.39
Recorrido: [43, 70, 44, 127, 67, 118, 90, 105, 12, 73, 122, 30, 26, 128, 143, 146, 48, 40, 100, 115, 56, 116, 38, 139, 16, 65, 59, 129, 147, 10, 126, 68, 60, 35, 117, 52, 46, 109, 80, 85, 69, 136, 101, 98, 113, 18, 1, 107, 28, 134, 49, 57, 54, 131, 84, 64, 74, 17, 141, 142, 99, 4, 106, 81, 94, 102, 97, 0, 86, 75, 72, 2, 61, 148, 124, 21, 103, 3, 114, 149, 20, 87, 93, 120, 15, 58, 78, 77, 14, 132, 110, 104, 51, 32, 125, 92, 34, 95, 9, 112, 62, 47, 33, 29, 6, 83, 88, 7, 123, 96, 145, 25, 55, 82, 89, 45, 91, 53, 137, 140, 24, 19, 138, 119, 36, 5, 27, 8, 41, 39, 23, 11, 42, 108, 50, 133, 130, 31, 66, 37, 22, 76, 121, 13, 79, 71, 144, 135, 111, 63]

Generación 59000 - Distancia óptima: 8058.39
Recorrido: [43, 70, 44, 127, 67, 118, 90, 105, 12, 73, 122, 30, 26, 128, 143, 146, 48, 40, 100, 115, 56, 116, 38, 139, 16, 65, 59, 129, 147, 10, 126, 68, 60, 35, 117, 52, 46, 109, 80, 85, 69, 136, 101, 98, 113, 18, 1, 107, 28, 134, 49, 57, 54, 131, 84, 64, 74, 17, 141, 142, 99, 4, 106, 81, 94, 102, 97, 0, 86, 75, 72, 2, 61, 148, 124, 21, 103, 3, 114, 149, 20, 87, 93, 120, 15, 58, 78, 77, 14, 132, 110, 104, 51, 32, 125, 92, 34, 95, 9, 112, 62, 47, 33, 29, 6, 83, 88, 7, 123, 96, 145, 25, 55, 82, 89, 45, 91, 53, 137, 140, 24, 19, 138, 119, 36, 5, 27, 8, 41, 39, 23, 11, 42, 108, 50, 133, 130, 31, 66, 37, 22, 76, 121, 13, 79, 71, 144, 135, 111, 63]

Generación 60000 - Distancia óptima: 8058.39
Recorrido: [43, 70, 44, 127, 67, 118, 90, 105, 12, 73, 122, 30, 26, 128, 143, 146, 48, 40, 100, 115, 56, 116, 38, 139, 16, 65, 59, 129, 147, 10, 126, 68, 60, 35, 117, 52, 46, 109, 80, 85, 69, 136, 101, 98, 113, 18, 1, 107, 28, 134, 49, 57, 54, 131, 84, 64, 74, 17, 141, 142, 99, 4, 106, 81, 94, 102, 97, 0, 86, 75, 72, 2, 61, 148, 124, 21, 103, 3, 114, 149, 20, 87, 93, 120, 15, 58, 78, 77, 14, 132, 110, 104, 51, 32, 125, 92, 34, 95, 9, 112, 62, 47, 33, 29, 6, 83, 88, 7, 123, 96, 145, 25, 55, 82, 89, 45, 91, 53, 137, 140, 24, 19, 138, 119, 36, 5, 27, 8, 41, 39, 23, 11, 42, 108, 50, 133, 130, 31, 66, 37, 22, 76, 121, 13, 79, 71, 144, 135, 111, 63]

Generación 61000 - Distancia óptima: 8058.39
Recorrido: [43, 70, 44, 127, 67, 118, 90, 105, 12, 73, 122, 30, 26, 128, 143, 146, 48, 40, 100, 115, 56, 116, 38, 139, 16, 65, 59, 129, 147, 10, 126, 68, 60, 35, 117, 52, 46, 109, 80, 85, 69, 136, 101, 98, 113, 18, 1, 107, 28, 134, 49, 57, 54, 131, 84, 64, 74, 17, 141, 142, 99, 4, 106, 81, 94, 102, 97, 0, 86, 75, 72, 2, 61, 148, 124, 21, 103, 3, 114, 149, 20, 87, 93, 120, 15, 58, 78, 77, 14, 132, 110, 104, 51, 32, 125, 92, 34, 95, 9, 112, 62, 47, 33, 29, 6, 83, 88, 7, 123, 96, 145, 25, 55, 82, 89, 45, 91, 53, 137, 140, 24, 19, 138, 119, 36, 5, 27, 8, 41, 39, 23, 11, 42, 108, 50, 133, 130, 31, 66, 37, 22, 76, 121, 13, 79, 71, 144, 135, 111, 63]

Generación 64000 - Distancia óptima: 8058.39
Recorrido: [43, 70, 44, 127, 67, 118, 90, 105, 12, 73, 122, 30, 26, 128, 143, 146, 48, 40, 100, 115, 56, 116, 38, 139, 16, 65, 59, 129, 147, 10, 126, 68, 60, 35, 117, 52, 46, 109, 80, 85, 69, 136, 101, 98, 113, 18, 1, 107, 28, 134, 49, 57, 54, 131, 84, 64, 74, 17, 141, 142, 99, 4, 106, 81, 94, 102, 97, 0, 86, 75, 72, 2, 61, 148, 124, 21, 103, 3, 114, 149, 20, 87, 93, 120, 15, 58, 78, 77, 14, 132, 110, 104, 51, 32, 125, 92, 34, 95, 9, 112, 62, 47, 33, 29, 6, 83, 88, 7, 123, 96, 145, 25, 55, 82, 89, 45, 91, 53, 137, 140, 24, 19, 138, 119, 36, 5, 27, 8, 41, 39, 23, 11, 42, 108, 50, 133, 130, 31, 66, 37, 22, 76, 121, 13, 79, 71, 144, 135, 111, 63]

Generación 65000 - Distancia óptima: 8058.39
Recorrido: [43, 70, 44, 127, 67, 118, 90, 105, 12, 73, 122, 30, 26, 128, 143, 146, 48, 40, 100, 115, 56, 116, 38, 139, 16, 65, 59, 129, 147, 10, 126, 68, 60, 35, 117, 52, 46, 109, 80, 85, 69, 136, 101, 98, 113, 18, 1, 107, 28, 134, 49, 57, 54, 131, 84, 64, 74, 17, 141, 142, 99, 4, 106, 81, 94, 102, 97, 0, 86, 75, 72, 2, 61, 148, 124, 21, 103, 3, 114, 149, 20, 87, 93, 120, 15, 58, 78, 77, 14, 132, 110, 104, 51, 32, 125, 92, 34, 95, 9, 112, 62, 47, 33, 29, 6, 83, 88, 7, 123, 96, 145, 25, 55, 82, 89, 45, 91, 53, 137, 140, 24, 19, 138, 119, 36, 5, 27, 8, 41, 39, 23, 11, 42, 108, 50, 133, 130, 31, 66, 37, 22, 76, 121, 13, 79, 71, 144, 135, 111, 63]

Generación 66000 - Distancia óptima: 8058.39
Recorrido: [43, 70, 44, 127, 67, 118, 90, 105, 12, 73, 122, 30, 26, 128, 143, 146, 48, 40, 100, 115, 56, 116, 38, 139, 16, 65, 59, 129, 147, 10, 126, 68, 60, 35, 117, 52, 46, 109, 80, 85, 69, 136, 101, 98, 113, 18, 1, 107, 28, 134, 49, 57, 54, 131, 84, 64, 74, 17, 141, 142, 99, 4, 106, 81, 94, 102, 97, 0, 86, 75, 72, 2, 61, 148, 124, 21, 103, 3, 114, 149, 20, 87, 93, 120, 15, 58, 78, 77, 14, 132, 110, 104, 51, 32, 125, 92, 34, 95, 9, 112, 62, 47, 33, 29, 6, 83, 88, 7, 123, 96, 145, 25, 55, 82, 89, 45, 91, 53, 137, 140, 24, 19, 138, 119, 36, 5, 27, 8, 41, 39, 23, 11, 42, 108, 50, 133, 130, 31, 66, 37, 22, 76, 121, 13, 79, 71, 144, 135, 111, 63]

Generación 67000 - Distancia óptima: 8058.39
Recorrido: [43, 70, 44, 127, 67, 118, 90, 105, 12, 73, 122, 30, 26, 128, 143, 146, 48, 40, 100, 115, 56, 116, 38, 139, 16, 65, 59, 129, 147, 10, 126, 68, 60, 35, 117, 52, 46, 109, 80, 85, 69, 136, 101, 98, 113, 18, 1, 107, 28, 134, 49, 57, 54, 131, 84, 64, 74, 17, 141, 142, 99, 4, 106, 81, 94, 102, 97, 0, 86, 75, 72, 2, 61, 148, 124, 21, 103, 3, 114, 149, 20, 87, 93, 120, 15, 58, 78, 77, 14, 132, 110, 104, 51, 32, 125, 92, 34, 95, 9, 112, 62, 47, 33, 29, 6, 83, 88, 7, 123, 96, 145, 25, 55, 82, 89, 45, 91, 53, 137, 140, 24, 19, 138, 119, 36, 5, 27, 8, 41, 39, 23, 11, 42, 108, 50, 133, 130, 31, 66, 37, 22, 76, 121, 13, 79, 71, 144, 135, 111, 63]

Generación 68000 - Distancia óptima: 8058.39
Recorrido: [43, 70, 44, 127, 67, 118, 90, 105, 12, 73, 122, 30, 26, 128, 143, 146, 48, 40, 100, 115, 56, 116, 38, 139, 16, 65, 59, 129, 147, 10, 126, 68, 60, 35, 117, 52, 46, 109, 80, 85, 69, 136, 101, 98, 113, 18, 1, 107, 28, 134, 49, 57, 54, 131, 84, 64, 74, 17, 141, 142, 99, 4, 106, 81, 94, 102, 97, 0, 86, 75, 72, 2, 61, 148, 124, 21, 103, 3, 114, 149, 20, 87, 93, 120, 15, 58, 78, 77, 14, 132, 110, 104, 51, 32, 125, 92, 34, 95, 9, 112, 62, 47, 33, 29, 6, 83, 88, 7, 123, 96, 145, 25, 55, 82, 89, 45, 91, 53, 137, 140, 24, 19, 138, 119, 36, 5, 27, 8, 41, 39, 23, 11, 42, 108, 50, 133, 130, 31, 66, 37, 22, 76, 121, 13, 79, 71, 144, 135, 111, 63]

Generación 69000 - Distancia óptima: 8058.39
Recorrido: [43, 70, 44, 127, 67, 118, 90, 105, 12, 73, 122, 30, 26, 128, 143, 146, 48, 40, 100, 115, 56, 116, 38, 139, 16, 65, 59, 129, 147, 10, 126, 68, 60, 35, 117, 52, 46, 109, 80, 85, 69, 136, 101, 98, 113, 18, 1, 107, 28, 134, 49, 57, 54, 131, 84, 64, 74, 17, 141, 142, 99, 4, 106, 81, 94, 102, 97, 0, 86, 75, 72, 2, 61, 148, 124, 21, 103, 3, 114, 149, 20, 87, 93, 120, 15, 58, 78, 77, 14, 132, 110, 104, 51, 32, 125, 92, 34, 95, 9, 112, 62, 47, 33, 29, 6, 83, 88, 7, 123, 96, 145, 25, 55, 82, 89, 45, 91, 53, 137, 140, 24, 19, 138, 119, 36, 5, 27, 8, 41, 39, 23, 11, 42, 108, 50, 133, 130, 31, 66, 37, 22, 76, 121, 13, 79, 71, 144, 135, 111, 63]

Generación 70000 - Distancia óptima: 8058.39
Recorrido: [43, 70, 44, 127, 67, 118, 90, 105, 12, 73, 122, 30, 26, 128, 143, 146, 48, 40, 100, 115, 56, 116, 38, 139, 16, 65, 59, 129, 147, 10, 126, 68, 60, 35, 117, 52, 46, 109, 80, 85, 69, 136, 101, 98, 113, 18, 1, 107, 28, 134, 49, 57, 54, 131, 84, 64, 74, 17, 141, 142, 99, 4, 106, 81, 94, 102, 97, 0, 86, 75, 72, 2, 61, 148, 124, 21, 103, 3, 114, 149, 20, 87, 93, 120, 15, 58, 78, 77, 14, 132, 110, 104, 51, 32, 125, 92, 34, 95, 9, 112, 62, 47, 33, 29, 6, 83, 88, 7, 123, 96, 145, 25, 55, 82, 89, 45, 91, 53, 137, 140, 24, 19, 138, 119, 36, 5, 27, 8, 41, 39, 23, 11, 42, 108, 50, 133, 130, 31, 66, 37, 22, 76, 121, 13, 79, 71, 144, 135, 111, 63]

Generación 71000 - Distancia óptima: 8058.39
Recorrido: [43, 70, 44, 127, 67, 118, 90, 105, 12, 73, 122, 30, 26, 128, 143, 146, 48, 40, 100, 115, 56, 116, 38, 139, 16, 65, 59, 129, 147, 10, 126, 68, 60, 35, 117, 52, 46, 109, 80, 85, 69, 136, 101, 98, 113, 18, 1, 107, 28, 134, 49, 57, 54, 131, 84, 64, 74, 17, 141, 142, 99, 4, 106, 81, 94, 102, 97, 0, 86, 75, 72, 2, 61, 148, 124, 21, 103, 3, 114, 149, 20, 87, 93, 120, 15, 58, 78, 77, 14, 132, 110, 104, 51, 32, 125, 92, 34, 95, 9, 112, 62, 47, 33, 29, 6, 83, 88, 7, 123, 96, 145, 25, 55, 82, 89, 45, 91, 53, 137, 140, 24, 19, 138, 119, 36, 5, 27, 8, 41, 39, 23, 11, 42, 108, 50, 133, 130, 31, 66, 37, 22, 76, 121, 13, 79, 71, 144, 135, 111, 63]

Generación 72000 - Distancia óptima: 8058.39
Recorrido: [43, 70, 44, 127, 67, 118, 90, 105, 12, 73, 122, 30, 26, 128, 143, 146, 48, 40, 100, 115, 56, 116, 38, 139, 16, 65, 59, 129, 147, 10, 126, 68, 60, 35, 117, 52, 46, 109, 80, 85, 69, 136, 101, 98, 113, 18, 1, 107, 28, 134, 49, 57, 54, 131, 84, 64, 74, 17, 141, 142, 99, 4, 106, 81, 94, 102, 97, 0, 86, 75, 72, 2, 61, 148, 124, 21, 103, 3, 114, 149, 20, 87, 93, 120, 15, 58, 78, 77, 14, 132, 110, 104, 51, 32, 125, 92, 34, 95, 9, 112, 62, 47, 33, 29, 6, 83, 88, 7, 123, 96, 145, 25, 55, 82, 89, 45, 91, 53, 137, 140, 24, 19, 138, 119, 36, 5, 27, 8, 41, 39, 23, 11, 42, 108, 50, 133, 130, 31, 66, 37, 22, 76, 121, 13, 79, 71, 144, 135, 111, 63]

Generación 73000 - Distancia óptima: 8058.39
Recorrido: [43, 70, 44, 127, 67, 118, 90, 105, 12, 73, 122, 30, 26, 128, 143, 146, 48, 40, 100, 115, 56, 116, 38, 139, 16, 65, 59, 129, 147, 10, 126, 68, 60, 35, 117, 52, 46, 109, 80, 85, 69, 136, 101, 98, 113, 18, 1, 107, 28, 134, 49, 57, 54, 131, 84, 64, 74, 17, 141, 142, 99, 4, 106, 81, 94, 102, 97, 0, 86, 75, 72, 2, 61, 148, 124, 21, 103, 3, 114, 149, 20, 87, 93, 120, 15, 58, 78, 77, 14, 132, 110, 104, 51, 32, 125, 92, 34, 95, 9, 112, 62, 47, 33, 29, 6, 83, 88, 7, 123, 96, 145, 25, 55, 82, 89, 45, 91, 53, 137, 140, 24, 19, 138, 119, 36, 5, 27, 8, 41, 39, 23, 11, 42, 108, 50, 133, 130, 31, 66, 37, 22, 76, 121, 13, 79, 71, 144, 135, 111, 63]

Generación 74000 - Distancia óptima: 8058.39
Recorrido: [43, 70, 44, 127, 67, 118, 90, 105, 12, 73, 122, 30, 26, 128, 143, 146, 48, 40, 100, 115, 56, 116, 38, 139, 16, 65, 59, 129, 147, 10, 126, 68, 60, 35, 117, 52, 46, 109, 80, 85, 69, 136, 101, 98, 113, 18, 1, 107, 28, 134, 49, 57, 54, 131, 84, 64, 74, 17, 141, 142, 99, 4, 106, 81, 94, 102, 97, 0, 86, 75, 72, 2, 61, 148, 124, 21, 103, 3, 114, 149, 20, 87, 93, 120, 15, 58, 78, 77, 14, 132, 110, 104, 51, 32, 125, 92, 34, 95, 9, 112, 62, 47, 33, 29, 6, 83, 88, 7, 123, 96, 145, 25, 55, 82, 89, 45, 91, 53, 137, 140, 24, 19, 138, 119, 36, 5, 27, 8, 41, 39, 23, 11, 42, 108, 50, 133, 130, 31, 66, 37, 22, 76, 121, 13, 79, 71, 144, 135, 111, 63]

Generación 75000 - Distancia óptima: 8058.39
Recorrido: [43, 70, 44, 127, 67, 118, 90, 105, 12, 73, 122, 30, 26, 128, 143, 146, 48, 40, 100, 115, 56, 116, 38, 139, 16, 65, 59, 129, 147, 10, 126, 68, 60, 35, 117, 52, 46, 109, 80, 85, 69, 136, 101, 98, 113, 18, 1, 107, 28, 134, 49, 57, 54, 131, 84, 64, 74, 17, 141, 142, 99, 4, 106, 81, 94, 102, 97, 0, 86, 75, 72, 2, 61, 148, 124, 21, 103, 3, 114, 149, 20, 87, 93, 120, 15, 58, 78, 77, 14, 132, 110, 104, 51, 32, 125, 92, 34, 95, 9, 112, 62, 47, 33, 29, 6, 83, 88, 7, 123, 96, 145, 25, 55, 82, 89, 45, 91, 53, 137, 140, 24, 19, 138, 119, 36, 5, 27, 8, 41, 39, 23, 11, 42, 108, 50, 133, 130, 31, 66, 37, 22, 76, 121, 13, 79, 71, 144, 135, 111, 63]

Generación 76000 - Distancia óptima: 8058.39
Recorrido: [43, 70, 44, 127, 67, 118, 90, 105, 12, 73, 122, 30, 26, 128, 143, 146, 48, 40, 100, 115, 56, 116, 38, 139, 16, 65, 59, 129, 147, 10, 126, 68, 60, 35, 117, 52, 46, 109, 80, 85, 69, 136, 101, 98, 113, 18, 1, 107, 28, 134, 49, 57, 54, 131, 84, 64, 74, 17, 141, 142, 99, 4, 106, 81, 94, 102, 97, 0, 86, 75, 72, 2, 61, 148, 124, 21, 103, 3, 114, 149, 20, 87, 93, 120, 15, 58, 78, 77, 14, 132, 110, 104, 51, 32, 125, 92, 34, 95, 9, 112, 62, 47, 33, 29, 6, 83, 88, 7, 123, 96, 145, 25, 55, 82, 89, 45, 91, 53, 137, 140, 24, 19, 138, 119, 36, 5, 27, 8, 41, 39, 23, 11, 42, 108, 50, 133, 130, 31, 66, 37, 22, 76, 121, 13, 79, 71, 144, 135, 111, 63]

Generación 77000 - Distancia óptima: 8058.39
Recorrido: [43, 70, 44, 127, 67, 118, 90, 105, 12, 73, 122, 30, 26, 128, 143, 146, 48, 40, 100, 115, 56, 116, 38, 139, 16, 65, 59, 129, 147, 10, 126, 68, 60, 35, 117, 52, 46, 109, 80, 85, 69, 136, 101, 98, 113, 18, 1, 107, 28, 134, 49, 57, 54, 131, 84, 64, 74, 17, 141, 142, 99, 4, 106, 81, 94, 102, 97, 0, 86, 75, 72, 2, 61, 148, 124, 21, 103, 3, 114, 149, 20, 87, 93, 120, 15, 58, 78, 77, 14, 132, 110, 104, 51, 32, 125, 92, 34, 95, 9, 112, 62, 47, 33, 29, 6, 83, 88, 7, 123, 96, 145, 25, 55, 82, 89, 45, 91, 53, 137, 140, 24, 19, 138, 119, 36, 5, 27, 8, 41, 39, 23, 11, 42, 108, 50, 133, 130, 31, 66, 37, 22, 76, 121, 13, 79, 71, 144, 135, 111, 63]

Generación 78000 - Distancia óptima: 8058.39
Recorrido: [43, 70, 44, 127, 67, 118, 90, 105, 12, 73, 122, 30, 26, 128, 143, 146, 48, 40, 100, 115, 56, 116, 38, 139, 16, 65, 59, 129, 147, 10, 126, 68, 60, 35, 117, 52, 46, 109, 80, 85, 69, 136, 101, 98, 113, 18, 1, 107, 28, 134, 49, 57, 54, 131, 84, 64, 74, 17, 141, 142, 99, 4, 106, 81, 94, 102, 97, 0, 86, 75, 72, 2, 61, 148, 124, 21, 103, 3, 114, 149, 20, 87, 93, 120, 15, 58, 78, 77, 14, 132, 110, 104, 51, 32, 125, 92, 34, 95, 9, 112, 62, 47, 33, 29, 6, 83, 88, 7, 123, 96, 145, 25, 55, 82, 89, 45, 91, 53, 137, 140, 24, 19, 138, 119, 36, 5, 27, 8, 41, 39, 23, 11, 42, 108, 50, 133, 130, 31, 66, 37, 22, 76, 121, 13, 79, 71, 144, 135, 111, 63]

Generación 79000 - Distancia óptima: 8058.39
Recorrido: [43, 70, 44, 127, 67, 118, 90, 105, 12, 73, 122, 30, 26, 128, 143, 146, 48, 40, 100, 115, 56, 116, 38, 139, 16, 65, 59, 129, 147, 10, 126, 68, 60, 35, 117, 52, 46, 109, 80, 85, 69, 136, 101, 98, 113, 18, 1, 107, 28, 134, 49, 57, 54, 131, 84, 64, 74, 17, 141, 142, 99, 4, 106, 81, 94, 102, 97, 0, 86, 75, 72, 2, 61, 148, 124, 21, 103, 3, 114, 149, 20, 87, 93, 120, 15, 58, 78, 77, 14, 132, 110, 104, 51, 32, 125, 92, 34, 95, 9, 112, 62, 47, 33, 29, 6, 83, 88, 7, 123, 96, 145, 25, 55, 82, 89, 45, 91, 53, 137, 140, 24, 19, 138, 119, 36, 5, 27, 8, 41, 39, 23, 11, 42, 108, 50, 133, 130, 31, 66, 37, 22, 76, 121, 13, 79, 71, 144, 135, 111, 63]

Generación 80000 - Distancia óptima: 8058.39
Recorrido: [43, 70, 44, 127, 67, 118, 90, 105, 12, 73, 122, 30, 26, 128, 143, 146, 48, 40, 100, 115, 56, 116, 38, 139, 16, 65, 59, 129, 147, 10, 126, 68, 60, 35, 117, 52, 46, 109, 80, 85, 69, 136, 101, 98, 113, 18, 1, 107, 28, 134, 49, 57, 54, 131, 84, 64, 74, 17, 141, 142, 99, 4, 106, 81, 94, 102, 97, 0, 86, 75, 72, 2, 61, 148, 124, 21, 103, 3, 114, 149, 20, 87, 93, 120, 15, 58, 78, 77, 14, 132, 110, 104, 51, 32, 125, 92, 34, 95, 9, 112, 62, 47, 33, 29, 6, 83, 88, 7, 123, 96, 145, 25, 55, 82, 89, 45, 91, 53, 137, 140, 24, 19, 138, 119, 36, 5, 27, 8, 41, 39, 23, 11, 42, 108, 50, 133, 130, 31, 66, 37, 22, 76, 121, 13, 79, 71, 144, 135, 111, 63]

Generación 81000 - Distancia óptima: 8014.79
Recorrido: [43, 70, 44, 127, 67, 118, 90, 105, 12, 73, 122, 30, 26, 128, 143, 146, 48, 40, 100, 115, 56, 116, 38, 139, 16, 65, 59, 129, 147, 10, 126, 68, 60, 35, 117, 52, 46, 109, 80, 85, 69, 136, 101, 113, 98, 18, 1, 107, 28, 134, 49, 57, 54, 131, 84, 64, 74, 17, 141, 142, 99, 4, 106, 81, 94, 102, 97, 0, 86, 75, 72, 2, 61, 148, 124, 21, 103, 3, 114, 149, 20, 87, 93, 120, 15, 58, 78, 77, 14, 132, 110, 104, 51, 32, 125, 92, 34, 95, 9, 112, 62, 47, 33, 29, 6, 83, 88, 7, 123, 96, 145, 25, 55, 82, 89, 45, 91, 53, 137, 140, 24, 19, 138, 119, 36, 5, 27, 8, 41, 39, 23, 11, 42, 108, 50, 133, 130, 31, 66, 37, 22, 76, 121, 13, 79, 71, 144, 135, 111, 63]

Generación 82000 - Distancia óptima: 8014.79
Recorrido: [43, 70, 44, 127, 67, 118, 90, 105, 12, 73, 122, 30, 26, 128, 143, 146, 48, 40, 100, 115, 56, 116, 38, 139, 16, 65, 59, 129, 147, 10, 126, 68, 60, 35, 117, 52, 46, 109, 80, 85, 69, 136, 101, 113, 98, 18, 1, 107, 28, 134, 49, 57, 54, 131, 84, 64, 74, 17, 141, 142, 99, 4, 106, 81, 94, 102, 97, 0, 86, 75, 72, 2, 61, 148, 124, 21, 103, 3, 114, 149, 20, 87, 93, 120, 15, 58, 78, 77, 14, 132, 110, 104, 51, 32, 125, 92, 34, 95, 9, 112, 62, 47, 33, 29, 6, 83, 88, 7, 123, 96, 145, 25, 55, 82, 89, 45, 91, 53, 137, 140, 24, 19, 138, 119, 36, 5, 27, 8, 41, 39, 23, 11, 42, 108, 50, 133, 130, 31, 66, 37, 22, 76, 121, 13, 79, 71, 144, 135, 111, 63]

Generación 83000 - Distancia óptima: 8014.79
Recorrido: [43, 70, 44, 127, 67, 118, 90, 105, 12, 73, 122, 30, 26, 128, 143, 146, 48, 40, 100, 115, 56, 116, 38, 139, 16, 65, 59, 129, 147, 10, 126, 68, 60, 35, 117, 52, 46, 109, 80, 85, 69, 136, 101, 113, 98, 18, 1, 107, 28, 134, 49, 57, 54, 131, 84, 64, 74, 17, 141, 142, 99, 4, 106, 81, 94, 102, 97, 0, 86, 75, 72, 2, 61, 148, 124, 21, 103, 3, 114, 149, 20, 87, 93, 120, 15, 58, 78, 77, 14, 132, 110, 104, 51, 32, 125, 92, 34, 95, 9, 112, 62, 47, 33, 29, 6, 83, 88, 7, 123, 96, 145, 25, 55, 82, 89, 45, 91, 53, 137, 140, 24, 19, 138, 119, 36, 5, 27, 8, 41, 39, 23, 11, 42, 108, 50, 133, 130, 31, 66, 37, 22, 76, 121, 13, 79, 71, 144, 135, 111, 63]

Generación 84000 - Distancia óptima: 8014.79
Recorrido: [43, 70, 44, 127, 67, 118, 90, 105, 12, 73, 122, 30, 26, 128, 143, 146, 48, 40, 100, 115, 56, 116, 38, 139, 16, 65, 59, 129, 147, 10, 126, 68, 60, 35, 117, 52, 46, 109, 80, 85, 69, 136, 101, 113, 98, 18, 1, 107, 28, 134, 49, 57, 54, 131, 84, 64, 74, 17, 141, 142, 99, 4, 106, 81, 94, 102, 97, 0, 86, 75, 72, 2, 61, 148, 124, 21, 103, 3, 114, 149, 20, 87, 93, 120, 15, 58, 78, 77, 14, 132, 110, 104, 51, 32, 125, 92, 34, 95, 9, 112, 62, 47, 33, 29, 6, 83, 88, 7, 123, 96, 145, 25, 55, 82, 89, 45, 91, 53, 137, 140, 24, 19, 138, 119, 36, 5, 27, 8, 41, 39, 23, 11, 42, 108, 50, 133, 130, 31, 66, 37, 22, 76, 121, 13, 79, 71, 144, 135, 111, 63]

Generación 85000 - Distancia óptima: 8014.79
Recorrido: [43, 70, 44, 127, 67, 118, 90, 105, 12, 73, 122, 30, 26, 128, 143, 146, 48, 40, 100, 115, 56, 116, 38, 139, 16, 65, 59, 129, 147, 10, 126, 68, 60, 35, 117, 52, 46, 109, 80, 85, 69, 136, 101, 113, 98, 18, 1, 107, 28, 134, 49, 57, 54, 131, 84, 64, 74, 17, 141, 142, 99, 4, 106, 81, 94, 102, 97, 0, 86, 75, 72, 2, 61, 148, 124, 21, 103, 3, 114, 149, 20, 87, 93, 120, 15, 58, 78, 77, 14, 132, 110, 104, 51, 32, 125, 92, 34, 95, 9, 112, 62, 47, 33, 29, 6, 83, 88, 7, 123, 96, 145, 25, 55, 82, 89, 45, 91, 53, 137, 140, 24, 19, 138, 119, 36, 5, 27, 8, 41, 39, 23, 11, 42, 108, 50, 133, 130, 31, 66, 37, 22, 76, 121, 13, 79, 71, 144, 135, 111, 63]

Generación 86000 - Distancia óptima: 8006.55
Recorrido: [43, 70, 44, 127, 67, 118, 90, 105, 12, 73, 122, 30, 26, 128, 143, 146, 48, 40, 100, 115, 116, 56, 38, 139, 16, 65, 59, 129, 147, 10, 126, 68, 60, 35, 117, 52, 46, 109, 80, 85, 69, 136, 101, 113, 98, 18, 1, 107, 28, 134, 49, 57, 54, 131, 84, 64, 74, 17, 141, 142, 99, 4, 106, 81, 94, 102, 97, 0, 86, 75, 72, 2, 61, 148, 124, 21, 103, 3, 114, 149, 20, 87, 93, 120, 15, 58, 78, 77, 14, 132, 110, 104, 51, 32, 125, 92, 34, 95, 9, 112, 62, 47, 33, 29, 6, 83, 88, 7, 123, 96, 145, 25, 55, 82, 89, 45, 91, 53, 137, 140, 24, 19, 138, 119, 36, 5, 27, 8, 41, 39, 23, 11, 42, 108, 50, 133, 130, 31, 66, 37, 22, 76, 121, 13, 79, 71, 144, 135, 111, 63]

Generación 87000 - Distancia óptima: 8006.55
Recorrido: [43, 70, 44, 127, 67, 118, 90, 105, 12, 73, 122, 30, 26, 128, 143, 146, 48, 40, 100, 115, 116, 56, 38, 139, 16, 65, 59, 129, 147, 10, 126, 68, 60, 35, 117, 52, 46, 109, 80, 85, 69, 136, 101, 113, 98, 18, 1, 107, 28, 134, 49, 57, 54, 131, 84, 64, 74, 17, 141, 142, 99, 4, 106, 81, 94, 102, 97, 0, 86, 75, 72, 2, 61, 148, 124, 21, 103, 3, 114, 149, 20, 87, 93, 120, 15, 58, 78, 77, 14, 132, 110, 104, 51, 32, 125, 92, 34, 95, 9, 112, 62, 47, 33, 29, 6, 83, 88, 7, 123, 96, 145, 25, 55, 82, 89, 45, 91, 53, 137, 140, 24, 19, 138, 119, 36, 5, 27, 8, 41, 39, 23, 11, 42, 108, 50, 133, 130, 31, 66, 37, 22, 76, 121, 13, 79, 71, 144, 135, 111, 63]

Generación 88000 - Distancia óptima: 8006.55
Recorrido: [43, 70, 44, 127, 67, 118, 90, 105, 12, 73, 122, 30, 26, 128, 143, 146, 48, 40, 100, 115, 116, 56, 38, 139, 16, 65, 59, 129, 147, 10, 126, 68, 60, 35, 117, 52, 46, 109, 80, 85, 69, 136, 101, 113, 98, 18, 1, 107, 28, 134, 49, 57, 54, 131, 84, 64, 74, 17, 141, 142, 99, 4, 106, 81, 94, 102, 97, 0, 86, 75, 72, 2, 61, 148, 124, 21, 103, 3, 114, 149, 20, 87, 93, 120, 15, 58, 78, 77, 14, 132, 110, 104, 51, 32, 125, 92, 34, 95, 9, 112, 62, 47, 33, 29, 6, 83, 88, 7, 123, 96, 145, 25, 55, 82, 89, 45, 91, 53, 137, 140, 24, 19, 138, 119, 36, 5, 27, 8, 41, 39, 23, 11, 42, 108, 50, 133, 130, 31, 66, 37, 22, 76, 121, 13, 79, 71, 144, 135, 111, 63]

Generación 89000 - Distancia óptima: 8006.55
Recorrido: [43, 70, 44, 127, 67, 118, 90, 105, 12, 73, 122, 30, 26, 128, 143, 146, 48, 40, 100, 115, 116, 56, 38, 139, 16, 65, 59, 129, 147, 10, 126, 68, 60, 35, 117, 52, 46, 109, 80, 85, 69, 136, 101, 113, 98, 18, 1, 107, 28, 134, 49, 57, 54, 131, 84, 64, 74, 17, 141, 142, 99, 4, 106, 81, 94, 102, 97, 0, 86, 75, 72, 2, 61, 148, 124, 21, 103, 3, 114, 149, 20, 87, 93, 120, 15, 58, 78, 77, 14, 132, 110, 104, 51, 32, 125, 92, 34, 95, 9, 112, 62, 47, 33, 29, 6, 83, 88, 7, 123, 96, 145, 25, 55, 82, 89, 45, 91, 53, 137, 140, 24, 19, 138, 119, 36, 5, 27, 8, 41, 39, 23, 11, 42, 108, 50, 133, 130, 31, 66, 37, 22, 76, 121, 13, 79, 71, 144, 135, 111, 63]

Generación 90000 - Distancia óptima: 8006.55
Recorrido: [43, 70, 44, 127, 67, 118, 90, 105, 12, 73, 122, 30, 26, 128, 143, 146, 48, 40, 100, 115, 116, 56, 38, 139, 16, 65, 59, 129, 147, 10, 126, 68, 60, 35, 117, 52, 46, 109, 80, 85, 69, 136, 101, 113, 98, 18, 1, 107, 28, 134, 49, 57, 54, 131, 84, 64, 74, 17, 141, 142, 99, 4, 106, 81, 94, 102, 97, 0, 86, 75, 72, 2, 61, 148, 124, 21, 103, 3, 114, 149, 20, 87, 93, 120, 15, 58, 78, 77, 14, 132, 110, 104, 51, 32, 125, 92, 34, 95, 9, 112, 62, 47, 33, 29, 6, 83, 88, 7, 123, 96, 145, 25, 55, 82, 89, 45, 91, 53, 137, 140, 24, 19, 138, 119, 36, 5, 27, 8, 41, 39, 23, 11, 42, 108, 50, 133, 130, 31, 66, 37, 22, 76, 121, 13, 79, 71, 144, 135, 111, 63]

Generación 91000 - Distancia óptima: 8006.55
Recorrido: [43, 70, 44, 127, 67, 118, 90, 105, 12, 73, 122, 30, 26, 128, 143, 146, 48, 40, 100, 115, 116, 56, 38, 139, 16, 65, 59, 129, 147, 10, 126, 68, 60, 35, 117, 52, 46, 109, 80, 85, 69, 136, 101, 113, 98, 18, 1, 107, 28, 134, 49, 57, 54, 131, 84, 64, 74, 17, 141, 142, 99, 4, 106, 81, 94, 102, 97, 0, 86, 75, 72, 2, 61, 148, 124, 21, 103, 3, 114, 149, 20, 87, 93, 120, 15, 58, 78, 77, 14, 132, 110, 104, 51, 32, 125, 92, 34, 95, 9, 112, 62, 47, 33, 29, 6, 83, 88, 7, 123, 96, 145, 25, 55, 82, 89, 45, 91, 53, 137, 140, 24, 19, 138, 119, 36, 5, 27, 8, 41, 39, 23, 11, 42, 108, 50, 133, 130, 31, 66, 37, 22, 76, 121, 13, 79, 71, 144, 135, 111, 63]

Generación 92000 - Distancia óptima: 8006.55
Recorrido: [43, 70, 44, 127, 67, 118, 90, 105, 12, 73, 122, 30, 26, 128, 143, 146, 48, 40, 100, 115, 116, 56, 38, 139, 16, 65, 59, 129, 147, 10, 126, 68, 60, 35, 117, 52, 46, 109, 80, 85, 69, 136, 101, 113, 98, 18, 1, 107, 28, 134, 49, 57, 54, 131, 84, 64, 74, 17, 141, 142, 99, 4, 106, 81, 94, 102, 97, 0, 86, 75, 72, 2, 61, 148, 124, 21, 103, 3, 114, 149, 20, 87, 93, 120, 15, 58, 78, 77, 14, 132, 110, 104, 51, 32, 125, 92, 34, 95, 9, 112, 62, 47, 33, 29, 6, 83, 88, 7, 123, 96, 145, 25, 55, 82, 89, 45, 91, 53, 137, 140, 24, 19, 138, 119, 36, 5, 27, 8, 41, 39, 23, 11, 42, 108, 50, 133, 130, 31, 66, 37, 22, 76, 121, 13, 79, 71, 144, 135, 111, 63]

Generación 93000 - Distancia óptima: 8006.55
Recorrido: [43, 70, 44, 127, 67, 118, 90, 105, 12, 73, 122, 30, 26, 128, 143, 146, 48, 40, 100, 115, 116, 56, 38, 139, 16, 65, 59, 129, 147, 10, 126, 68, 60, 35, 117, 52, 46, 109, 80, 85, 69, 136, 101, 113, 98, 18, 1, 107, 28, 134, 49, 57, 54, 131, 84, 64, 74, 17, 141, 142, 99, 4, 106, 81, 94, 102, 97, 0, 86, 75, 72, 2, 61, 148, 124, 21, 103, 3, 114, 149, 20, 87, 93, 120, 15, 58, 78, 77, 14, 132, 110, 104, 51, 32, 125, 92, 34, 95, 9, 112, 62, 47, 33, 29, 6, 83, 88, 7, 123, 96, 145, 25, 55, 82, 89, 45, 91, 53, 137, 140, 24, 19, 138, 119, 36, 5, 27, 8, 41, 39, 23, 11, 42, 108, 50, 133, 130, 31, 66, 37, 22, 76, 121, 13, 79, 71, 144, 135, 111, 63]

Generación 94000 - Distancia óptima: 7971.46
Recorrido: [43, 70, 44, 127, 67, 118, 90, 105, 12, 73, 122, 30, 26, 128, 143, 146, 48, 40, 100, 115, 116, 56, 38, 139, 16, 65, 59, 129, 147, 10, 126, 68, 60, 35, 117, 52, 46, 109, 80, 85, 69, 136, 101, 113, 98, 18, 1, 107, 28, 134, 49, 57, 54, 131, 84, 64, 74, 17, 141, 142, 99, 4, 106, 81, 94, 102, 97, 0, 86, 75, 72, 2, 61, 148, 124, 21, 103, 3, 114, 149, 20, 87, 93, 120, 15, 58, 78, 77, 14, 132, 110, 104, 51, 32, 125, 92, 34, 95, 9, 112, 62, 47, 33, 29, 6, 83, 88, 7, 123, 96, 145, 25, 55, 82, 89, 45, 91, 53, 137, 140, 24, 19, 41, 8, 27, 5, 36, 119, 138, 39, 23, 11, 42, 108, 50, 133, 130, 31, 66, 37, 22, 76, 121, 13, 79, 71, 144, 135, 111, 63]

Generación 95000 - Distancia óptima: 7932.84
Recorrido: [43, 70, 44, 127, 67, 118, 90, 105, 12, 73, 122, 30, 26, 128, 143, 146, 48, 40, 100, 115, 116, 56, 38, 139, 16, 65, 59, 129, 147, 10, 126, 68, 60, 35, 117, 52, 46, 109, 80, 85, 69, 136, 101, 113, 98, 18, 1, 107, 28, 134, 49, 57, 54, 131, 84, 64, 74, 17, 141, 142, 99, 4, 106, 94, 81, 102, 97, 0, 86, 75, 72, 2, 61, 148, 124, 21, 103, 3, 114, 149, 20, 87, 93, 120, 15, 58, 78, 77, 14, 132, 110, 104, 51, 32, 125, 92, 34, 95, 9, 112, 62, 47, 33, 29, 6, 83, 88, 7, 123, 96, 145, 25, 55, 82, 89, 45, 91, 53, 137, 140, 24, 19, 36, 5, 27, 8, 41, 119, 138, 39, 23, 11, 42, 108, 50, 133, 130, 31, 66, 37, 22, 76, 121, 13, 79, 71, 144, 135, 111, 63]

Generación 96000 - Distancia óptima: 7932.84
Recorrido: [43, 70, 44, 127, 67, 118, 90, 105, 12, 73, 122, 30, 26, 128, 143, 146, 48, 40, 100, 115, 116, 56, 38, 139, 16, 65, 59, 129, 147, 10, 126, 68, 60, 35, 117, 52, 46, 109, 80, 85, 69, 136, 101, 113, 98, 18, 1, 107, 28, 134, 49, 57, 54, 131, 84, 64, 74, 17, 141, 142, 99, 4, 106, 94, 81, 102, 97, 0, 86, 75, 72, 2, 61, 148, 124, 21, 103, 3, 114, 149, 20, 87, 93, 120, 15, 58, 78, 77, 14, 132, 110, 104, 51, 32, 125, 92, 34, 95, 9, 112, 62, 47, 33, 29, 6, 83, 88, 7, 123, 96, 145, 25, 55, 82, 89, 45, 91, 53, 137, 140, 24, 19, 36, 5, 27, 8, 41, 119, 138, 39, 23, 11, 42, 108, 50, 133, 130, 31, 66, 37, 22, 76, 121, 13, 79, 71, 144, 135, 111, 63]

Generación 97000 - Distancia óptima: 7932.84
Recorrido: [43, 70, 44, 127, 67, 118, 90, 105, 12, 73, 122, 30, 26, 128, 143, 146, 48, 40, 100, 115, 116, 56, 38, 139, 16, 65, 59, 129, 147, 10, 126, 68, 60, 35, 117, 52, 46, 109, 80, 85, 69, 136, 101, 113, 98, 18, 1, 107, 28, 134, 49, 57, 54, 131, 84, 64, 74, 17, 141, 142, 99, 4, 106, 94, 81, 102, 97, 0, 86, 75, 72, 2, 61, 148, 124, 21, 103, 3, 114, 149, 20, 87, 93, 120, 15, 58, 78, 77, 14, 132, 110, 104, 51, 32, 125, 92, 34, 95, 9, 112, 62, 47, 33, 29, 6, 83, 88, 7, 123, 96, 145, 25, 55, 82, 89, 45, 91, 53, 137, 140, 24, 19, 36, 5, 27, 8, 41, 119, 138, 39, 23, 11, 42, 108, 50, 133, 130, 31, 66, 37, 22, 76, 121, 13, 79, 71, 144, 135, 111, 63]

Generación 98000 - Distancia óptima: 7932.84
Recorrido: [43, 70, 44, 127, 67, 118, 90, 105, 12, 73, 122, 30, 26, 128, 143, 146, 48, 40, 100, 115, 116, 56, 38, 139, 16, 65, 59, 129, 147, 10, 126, 68, 60, 35, 117, 52, 46, 109, 80, 85, 69, 136, 101, 113, 98, 18, 1, 107, 28, 134, 49, 57, 54, 131, 84, 64, 74, 17, 141, 142, 99, 4, 106, 94, 81, 102, 97, 0, 86, 75, 72, 2, 61, 148, 124, 21, 103, 3, 114, 149, 20, 87, 93, 120, 15, 58, 78, 77, 14, 132, 110, 104, 51, 32, 125, 92, 34, 95, 9, 112, 62, 47, 33, 29, 6, 83, 88, 7, 123, 96, 145, 25, 55, 82, 89, 45, 91, 53, 137, 140, 24, 19, 36, 5, 27, 8, 41, 119, 138, 39, 23, 11, 42, 108, 50, 133, 130, 31, 66, 37, 22, 76, 121, 13, 79, 71, 144, 135, 111, 63]

Generación 99000 - Distancia óptima: 7915.41
Recorrido: [43, 70, 44, 127, 67, 118, 90, 105, 12, 73, 122, 30, 26, 128, 143, 146, 48, 40, 100, 115, 116, 56, 38, 139, 16, 65, 59, 129, 147, 10, 126, 68, 60, 35, 117, 52, 46, 109, 80, 85, 69, 136, 101, 113, 98, 18, 1, 107, 28, 134, 49, 57, 54, 131, 84, 64, 74, 17, 141, 142, 99, 4, 106, 94, 81, 102, 97, 0, 86, 75, 72, 2, 61, 148, 124, 21, 103, 3, 114, 149, 20, 87, 93, 120, 15, 58, 78, 77, 14, 132, 110, 104, 51, 32, 125, 92, 34, 95, 9, 112, 62, 47, 33, 29, 6, 83, 88, 7, 123, 96, 145, 25, 55, 137, 53, 91, 45, 89, 82, 140, 24, 19, 36, 5, 27, 8, 41, 119, 138, 39, 23, 11, 42, 108, 50, 133, 130, 31, 66, 37, 22, 76, 121, 13, 79, 71, 144, 135, 111, 63]

Generación 99999 - Distancia óptima: 7915.41
Recorrido: [43, 70, 44, 127, 67, 118, 90, 105, 12, 73, 122, 30, 26, 128, 143, 146, 48, 40, 100, 115, 116, 56, 38, 139, 16, 65, 59, 129, 147, 10, 126, 68, 60, 35, 117, 52, 46, 109, 80, 85, 69, 136, 101, 113, 98, 18, 1, 107, 28, 134, 49, 57, 54, 131, 84, 64, 74, 17, 141, 142, 99, 4, 106, 94, 81, 102, 97, 0, 86, 75, 72, 2, 61, 148, 124, 21, 103, 3, 114, 149, 20, 87, 93, 120, 15, 58, 78, 77, 14, 132, 110, 104, 51, 32, 125, 92, 34, 95, 9, 112, 62, 47, 33, 29, 6, 83, 88, 7, 123, 96, 145, 25, 55, 137, 53, 91, 45, 89, 82, 140, 24, 19, 36, 5, 27, 8, 41, 119, 138, 39, 23, 11, 42, 108, 50, 133, 130, 31, 66, 37, 22, 76, 121, 13, 79, 71, 144, 135, 111, 63]

